gameId,actionNumber,clock,period,teamId,teamTricode,personId,playerName,playerNameI,xLegacy,yLegacy,shotDistance,shotResult,isFieldGoal,scoreHome,scoreAway,pointsTotal,location,description,actionType,subType,videoAvailable,shotValue,actionId,game_id
0022300043,2,PT12M00.00S,1,0,,0,,,0,0,0,,0,0,0,0,,Start of 1st Period (2:41 PM EST),period,start,0,0,1,0022300043
0022300043,4,PT12M00.00S,1,1610612753,ORL,1629048,Bitadze,G. Bitadze,0,0,0,,0,,,0,h,Jump Ball Bitadze vs. Porzingis: Tip to Horford,Jump Ball,,1,0,2,0022300043
0022300043,7,PT11M39.00S,1,1610612738,BOS,1628369,Tatum,J. Tatum,1,25,3,Missed,1,,,0,v,MISS Tatum 3' Driving Finger Roll Layup,Missed Shot,Driving Finger Roll Layup Shot,1,2,3,0022300043
0022300043,8,PT11M36.00S,1,1610612753,ORL,1629048,Bitadze,G. Bitadze,0,0,0,,0,,,0,h,Bitadze REBOUND (Off:0 Def:1),Rebound,Unknown,1,0,4,0022300043
0022300043,9,PT11M22.00S,1,1610612753,ORL,1630532,Wagner,F. Wagner,1,43,4,Missed,1,,,0,h,MISS F. Wagner 4' Driving Layup,Missed Shot,Driving Layup Shot,1,2,5,0022300043
0022300043,10,PT11M21.00S,1,1610612753,ORL,1629048,Bitadze,G. Bitadze,0,0,0,,0,,,0,h,Bitadze REBOUND (Off:1 Def:1),Rebound,Unknown,1,0,6,0022300043
0022300043,42,PT11M17.00S,1,1610612753,ORL,1629048,Bitadze,G. Bitadze,4,23,2,Missed,1,,,0,h,MISS Bitadze 2' Tip Layup Shot,Missed Shot,Tip Layup Shot,1,2,7,0022300043
0022300043,43,PT11M15.00S,1,0,,1610612738,,,0,0,0,,0,,,0,v,Celtics Rebound,Rebound,Unknown,1,0,8,0022300043
0022300043,12,PT11M08.00S,1,1610612738,BOS,204001,Porziņģis,K. Porziņģis,-88,243,26,Missed,1,,,0,v,MISS Porzingis 26' 3PT Jump Shot,Missed Shot,Jump Shot,1,3,9,0022300043
0022300043,13,PT11M08.00S,1,1610612753,ORL,1629048,Bitadze,G. Bitadze,0,0,0,,0,,,0,h,Bitadze REBOUND (Off:1 Def:2),Rebound,Unknown,1,0,10,0022300043
0022300043,14,PT11M03.00S,1,1610612753,ORL,1630591,Suggs,J. Suggs,2,74,7,Missed,1,,,0,h,MISS Suggs 7' Running Layup,Missed Shot,Running Layup Shot,1,2,11,0022300043
0022300043,15,PT11M03.00S,1,1610612738,BOS,201143,Horford,A. Horford,0,0,0,,0,,,0,v,Horford REBOUND (Off:0 Def:1),Rebound,Unknown,1,0,12,0022300043
0022300043,16,PT10M53.00S,1,1610612738,BOS,1627759,Brown,J. Brown,206,154,26,Made,1,0,3,3,v,Brown 26' 3PT Jump Shot (3 PTS) (White 1 AST),Made Shot,Jump Shot,1,3,13,0022300043
0022300043,18,PT10M31.00S,1,1610612753,ORL,1630532,Wagner,F. Wagner,7,38,4,Made,1,2,3,5,h,F. Wagner 4' Layup (2 PTS),Made Shot,Layup Shot,1,2,14,0022300043
0022300043,19,PT10M08.00S,1,1610612753,ORL,1629048,Bitadze,G. Bitadze,0,0,0,,0,,,0,h,Bitadze P.FOUL (P1.T1) (D.Guthrie),Foul,Personal,1,0,15,0022300043
0022300043,21,PT10M00.00S,1,1610612738,BOS,1627759,Brown,J. Brown,-36,223,23,Missed,1,,,0,v,MISS Brown 23' Step Back Jump Shot,Missed Shot,Step Back Jump shot,1,2,16,0022300043
0022300043,22,PT09M52.00S,1,1610612753,ORL,1641710,Black,A. Black,0,0,0,,0,,,0,h,Black REBOUND (Off:0 Def:1),Rebound,Unknown,1,0,17,0022300043
0022300043,23,PT09M43.00S,1,1610612753,ORL,1631094,Banchero,P. Banchero,-12,1,1,Made,1,4,3,7,h,Banchero 1' Driving Reverse Layup (2 PTS) (Bitadze 1 AST),Made Shot,Driving Reverse Layup Shot,1,2,18,0022300043
0022300043,25,PT09M21.00S,1,1610612738,BOS,204001,Porziņģis,K. Porziņģis,5,79,8,Missed,1,,,0,v,MISS Porzingis 8' Driving Floating Jump Shot,Missed Shot,Driving Floating Jump Shot,1,2,19,0022300043
0022300043,26,PT09M17.00S,1,1610612753,ORL,1631094,Banchero,P. Banchero,0,0,0,,0,,,0,h,Banchero REBOUND (Off:0 Def:1),Rebound,Unknown,1,0,20,0022300043
0022300043,29,PT09M14.00S,1,1610612753,ORL,1641710,Black,A. Black,-9,14,2,Missed,1,,,0,h,MISS Black 2' Running Layup,Missed Shot,Running Layup Shot,1,2,21,0022300043
0022300043,30,PT09M12.00S,1,1610612738,BOS,201143,Horford,A. Horford,0,0,0,,0,,,0,v,Horford REBOUND (Off:0 Def:2),Rebound,Unknown,1,0,22,0022300043
0022300043,31,PT09M07.00S,1,1610612738,BOS,1627759,Brown,J. Brown,11,31,3,Made,1,4,5,9,v,Brown 3' Driving Layup (5 PTS),Made Shot,Driving Layup Shot,1,2,23,0022300043
0022300043,32,PT08M53.00S,1,1610612753,ORL,1630591,Suggs,J. Suggs,0,0,0,,0,,,0,h,Suggs Traveling Turnover (P1.T1),Turnover,Traveling,1,0,24,0022300043
0022300043,33,PT08M32.00S,1,1610612738,BOS,1628369,Tatum,J. Tatum,9,13,2,Made,1,4,7,11,v,Tatum 2' Driving Layup (2 PTS),Made Shot,Driving Layup Shot,1,2,25,0022300043
0022300043,34,PT08M17.00S,1,1610612753,ORL,1631094,Banchero,P. Banchero,74,172,19,Missed,1,,,0,h,MISS Banchero 19' Pullup Jump Shot,Missed Shot,Pullup Jump shot,1,2,26,0022300043
0022300043,35,PT08M15.00S,1,1610612738,BOS,1628401,White,D. White,0,0,0,,0,,,0,v,White REBOUND (Off:0 Def:1),Rebound,Unknown,1,0,27,0022300043
0022300043,36,PT08M13.00S,1,1610612753,ORL,1631094,Banchero,P. Banchero,0,0,0,,0,,,0,h,Banchero P.FOUL (P1.T2) (J.Goldenberg),Foul,Personal,1,0,28,0022300043
0022300043,39,PT08M07.00S,1,1610612738,BOS,1628369,Tatum,J. Tatum,-100,86,13,Made,1,4,9,13,v,Tatum 13' Step Back Jump Shot (4 PTS),Made Shot,Step Back Jump shot,1,2,29,0022300043
0022300043,40,PT07M50.00S,1,1610612753,ORL,1630591,Suggs,J. Suggs,-10,27,3,Missed,1,,,0,h,MISS Suggs 3' Layup,Missed Shot,Layup Shot,1,2,30,0022300043
0022300043,41,PT07M50.00S,1,0,,1610612738,,,0,0,0,,0,,,0,v,Celtics Rebound,Rebound,Unknown,1,0,31,0022300043
0022300043,45,PT07M39.00S,1,1610612738,BOS,1628369,Tatum,J. Tatum,118,223,25,Missed,1,,,0,v,MISS Tatum 25' 3PT Pullup Jump Shot,Missed Shot,Pullup Jump shot,1,3,32,0022300043
0022300043,46,PT07M36.00S,1,1610612753,ORL,1631094,Banchero,P. Banchero,0,0,0,,0,,,0,h,Banchero REBOUND (Off:0 Def:2),Rebound,Unknown,1,0,33,0022300043
0022300043,47,PT07M19.00S,1,1610612753,ORL,1630532,Wagner,F. Wagner,-10,26,3,Missed,1,,,0,h,MISS F. Wagner 3' Driving Layup,Missed Shot,Driving Layup Shot,1,2,34,0022300043
0022300043,48,PT07M14.00S,1,1610612753,ORL,1629048,Bitadze,G. Bitadze,0,0,0,,0,,,0,h,Bitadze REBOUND (Off:2 Def:2),Rebound,Unknown,1,0,35,0022300043
0022300043,49,PT07M14.00S,1,1610612753,ORL,1629048,Bitadze,G. Bitadze,0,0,0,Made,1,6,9,15,h,Bitadze Tip Dunk Shot (2 PTS),Made Shot,Tip Dunk Shot,1,2,36,0022300043
0022300043,50,PT07M06.00S,1,1610612738,BOS,1627759,Brown,J. Brown,0,0,0,,0,,,0,v,Brown Traveling Turnover (P1.T1),Turnover,Traveling,1,0,37,0022300043
0022300043,51,PT06M54.00S,1,1610612753,ORL,1630532,Wagner,F. Wagner,-10,40,4,Made,1,8,9,17,h,F. Wagner 4' Driving Floating Jump Shot (4 PTS),Made Shot,Driving Floating Jump Shot,1,2,38,0022300043
0022300043,52,PT06M40.00S,1,1610612738,BOS,1628401,White,D. White,22,23,3,Made,1,8,11,19,v,White 3' Driving Layup (2 PTS),Made Shot,Driving Layup Shot,1,2,39,0022300043
0022300043,53,PT06M40.00S,1,1610612753,ORL,1641710,Black,A. Black,0,0,0,,0,,,0,h,Black S.FOUL (P1.T3) (J.DeRosa),Foul,Shooting,1,0,40,0022300043
0022300043,55,PT06M40.00S,1,0,,1610612753,,,0,0,0,,0,,,0,h,MAGIC Timeout: Regular (Full 1 Short 0),Timeout,Regular,0,0,41,0022300043
0022300043,57,PT06M40.00S,1,1610612738,BOS,1628369,Tatum,J. Tatum,0,0,0,,0,,,0,v,SUB: Kornet FOR Tatum,Substitution,,0,0,42,0022300043
0022300043,58,PT06M40.00S,1,1610612738,BOS,201143,Horford,A. Horford,0,0,0,,0,,,0,v,SUB: Hauser FOR Horford,Substitution,,0,0,43,0022300043
0022300043,61,PT06M40.00S,1,1610612738,BOS,1628401,White,D. White,0,0,0,,0,8,12,20,v,White Free Throw 1 of 1 (3 PTS),Free Throw,Free Throw 1 of 1,1,0,44,0022300043
0022300043,62,PT06M29.00S,1,1610612753,ORL,1641710,Black,A. Black,0,0,0,,0,,,0,h,Black Out of Bounds - Bad Pass Turnover Turnover (P1.T2),Turnover,Out of Bounds - Bad Pass Turnover,1,0,45,0022300043
0022300043,63,PT06M16.00S,1,1610612738,BOS,1628436,Kornet,L. Kornet,6,25,3,Made,1,8,14,22,v,Kornet 3' Alley Oop Layup (2 PTS) (White 2 AST),Made Shot,Alley Oop Layup shot,1,2,46,0022300043
0022300043,65,PT05M58.00S,1,1610612753,ORL,1630591,Suggs,J. Suggs,-226,9,0,Missed,1,,,0,h,MISS Suggs 3PT Pullup Jump Shot,Missed Shot,Pullup Jump shot,1,3,47,0022300043
0022300043,66,PT05M54.00S,1,1610612738,BOS,1627759,Brown,J. Brown,0,0,0,,0,,,0,v,Brown REBOUND (Off:0 Def:1),Rebound,Unknown,1,0,48,0022300043
0022300043,67,PT05M46.00S,1,1610612753,ORL,1629048,Bitadze,G. Bitadze,0,0,0,,0,,,0,h,MAGIC T.Foul (Def. 3 Sec Bitadze ) (D.Guthrie),Foul,Defense 3 Second,1,0,49,0022300043
0022300043,68,PT05M46.00S,1,1610612738,BOS,204001,Porziņģis,K. Porziņģis,0,0,0,,0,,,0,v,MISS Porzingis Free Throw Technical,Free Throw,Free Throw Technical,1,0,50,0022300043
0022300043,69,PT05M46.00S,1,0,,1610612738,,,0,0,0,,0,,,0,v,Celtics Rebound,Rebound,Normal Rebound,1,0,51,0022300043
0022300043,70,PT05M46.00S,1,1610612753,ORL,1641710,Black,A. Black,0,0,0,,0,,,0,h,SUB: Anthony FOR Black,Substitution,,0,0,52,0022300043
0022300043,71,PT05M46.00S,1,1610612753,ORL,1630532,Wagner,F. Wagner,0,0,0,,0,,,0,h,SUB: Ingles FOR F. Wagner,Substitution,,0,0,53,0022300043
0022300043,74,PT05M34.00S,1,1610612738,BOS,204001,Porziņģis,K. Porziņģis,233,67,24,Missed,1,,,0,v,MISS Porzingis 24' 3PT Jump Shot,Missed Shot,Jump Shot,1,3,54,0022300043
0022300043,75,PT05M32.00S,1,1610612753,ORL,204060,Ingles,J. Ingles,0,0,0,,0,,,0,h,Ingles REBOUND (Off:0 Def:1),Rebound,Unknown,1,0,55,0022300043
0022300043,76,PT05M26.00S,1,1610612738,BOS,1628436,Kornet,L. Kornet,0,0,0,,0,,,0,v,Kornet P.FOUL (P1.T1) (D.Guthrie),Foul,Personal,1,0,56,0022300043
0022300043,78,PT05M17.00S,1,1610612753,ORL,1631094,Banchero,P. Banchero,151,235,28,Made,1,11,14,25,h,Banchero 28' 3PT Jump Shot (5 PTS) (Bitadze 2 AST),Made Shot,Jump Shot,1,3,57,0022300043
0022300043,80,PT04M59.00S,1,1610612738,BOS,1627759,Brown,J. Brown,0,0,0,,0,,,0,v,Brown OFF.Foul (P1) (J.DeRosa),Foul,Offensive,1,0,58,0022300043
0022300043,82,PT04M59.00S,1,1610612738,BOS,1627759,Brown,J. Brown,0,0,0,,0,,,0,v,Brown Offensive Foul Turnover (P2.T2),Turnover,Offensive Foul Turnover,1,0,59,0022300043
0022300043,83,PT04M42.00S,1,1610612753,ORL,1631094,Banchero,P. Banchero,0,0,0,,0,,,0,h,Banchero Lost Ball Turnover (P1.T3),Turnover,Lost Ball,1,0,60,0022300043
0022300043,83,PT04M42.00S,1,1610612738,BOS,204001,Porziņģis,K. Porziņģis,0,0,0,,0,,,0,v,Porzingis STEAL (1 STL),,,1,0,61,0022300043
0022300043,85,PT04M38.00S,1,1610612753,ORL,204060,Ingles,J. Ingles,0,0,0,,0,,,0,h,Ingles S.FOUL (P1.T4) (D.Guthrie),Foul,Shooting,1,0,62,0022300043
0022300043,87,PT04M38.00S,1,1610612738,BOS,1627759,Brown,J. Brown,0,0,0,,0,11,15,26,v,Brown Free Throw 1 of 2 (6 PTS),Free Throw,Free Throw 1 of 2,1,0,63,0022300043
0022300043,88,PT04M38.00S,1,1610612753,ORL,1630591,Suggs,J. Suggs,0,0,0,,0,,,0,h,SUB: Harris FOR Suggs,Substitution,,0,0,64,0022300043
0022300043,90,PT04M38.00S,1,1610612738,BOS,1627759,Brown,J. Brown,0,0,0,,0,11,16,27,v,Brown Free Throw 2 of 2 (7 PTS),Free Throw,Free Throw 2 of 2,1,0,65,0022300043
0022300043,91,PT04M17.00S,1,1610612753,ORL,1629048,Bitadze,G. Bitadze,-27,22,3,Made,1,13,16,29,h,Bitadze 3' Cutting Dunk Shot (4 PTS) (Anthony 1 AST),Made Shot,Cutting Dunk Shot,1,2,66,0022300043
0022300043,93,PT04M01.00S,1,1610612738,BOS,1628401,White,D. White,7,1,1,Made,1,13,18,31,v,White 1' Driving Layup (5 PTS),Made Shot,Driving Layup Shot,1,2,67,0022300043
0022300043,94,PT03M52.00S,1,1610612753,ORL,1631094,Banchero,P. Banchero,0,0,0,,0,,,0,h,Banchero Offensive Charge Foul (P2) (D.Guthrie),Foul,Offensive Charge,1,0,68,0022300043
0022300043,96,PT03M52.00S,1,1610612753,ORL,1631094,Banchero,P. Banchero,0,0,0,,0,,,0,h,Banchero Offensive Foul Turnover (P2.T4),Turnover,Offensive Foul Turnover,1,0,69,0022300043
0022300043,97,PT03M43.00S,1,1610612753,ORL,1630175,Anthony,C. Anthony,0,0,0,,0,,,0,h,Anthony S.FOUL (P1.PN) (J.DeRosa),Foul,Shooting,1,0,70,0022300043
0022300043,99,PT03M43.00S,1,1610612738,BOS,1628401,White,D. White,0,0,0,,0,,,0,v,MISS White Free Throw 1 of 2,Free Throw,Free Throw 1 of 2,1,0,71,0022300043
0022300043,100,PT03M43.00S,1,0,,1610612738,,,0,0,0,,0,,,0,v,Celtics Rebound,Rebound,Normal Rebound,1,0,72,0022300043
0022300043,101,PT03M43.00S,1,1610612738,BOS,1628401,White,D. White,0,0,0,,0,13,19,32,v,White Free Throw 2 of 2 (6 PTS),Free Throw,Free Throw 2 of 2,1,0,73,0022300043
0022300043,102,PT03M27.00S,1,1610612753,ORL,204060,Ingles,J. Ingles,0,0,0,,0,,,0,h,Ingles Bad Pass Turnover (P1.T5),Turnover,Bad Pass,1,0,74,0022300043
0022300043,102,PT03M27.00S,1,1610612738,BOS,204001,Porziņģis,K. Porziņģis,0,0,0,,0,,,0,v,Porzingis STEAL (2 STL),,,1,0,75,0022300043
0022300043,104,PT03M20.00S,1,1610612738,BOS,1627759,Brown,J. Brown,151,38,16,Made,1,13,21,34,v,Brown 16' Turnaround Fadeaway (9 PTS),Made Shot,Turnaround Fadeaway shot,1,2,76,0022300043
0022300043,105,PT03M20.00S,1,1610612753,ORL,203914,Harris,G. Harris,0,0,0,,0,,,0,h,Harris S.FOUL (P1.PN) (J.Goldenberg),Foul,Shooting,1,0,77,0022300043
0022300043,107,PT03M20.00S,1,1610612738,BOS,1627759,Brown,J. Brown,0,0,0,,0,,,0,v,MISS Brown Free Throw 1 of 1,Free Throw,Free Throw 1 of 1,1,0,78,0022300043
0022300043,108,PT03M18.00S,1,1610612753,ORL,203914,Harris,G. Harris,0,0,0,,0,,,0,h,Harris REBOUND (Off:0 Def:1),Rebound,Unknown,0,0,79,0022300043
0022300043,109,PT03M07.00S,1,1610612753,ORL,204060,Ingles,J. Ingles,196,138,24,Made,1,16,21,37,h,Ingles 24' 3PT Jump Shot (3 PTS) (Banchero 1 AST),Made Shot,Jump Shot,1,3,80,0022300043
0022300043,111,PT02M52.00S,1,1610612738,BOS,1628401,White,D. White,22,173,17,Missed,1,,,0,v,MISS White 17' Pullup Jump Shot,Missed Shot,Pullup Jump shot,1,2,81,0022300043
0022300043,112,PT02M50.00S,1,1610612753,ORL,204060,Ingles,J. Ingles,0,0,0,,0,,,0,h,Ingles REBOUND (Off:0 Def:2),Rebound,Unknown,1,0,82,0022300043
0022300043,113,PT02M36.00S,1,1610612753,ORL,1630175,Anthony,C. Anthony,0,19,2,Missed,1,,,0,h,MISS Anthony 2' Driving Layup,Missed Shot,Driving Layup Shot,1,2,83,0022300043
0022300043,114,PT02M33.00S,1,1610612753,ORL,203914,Harris,G. Harris,0,0,0,,0,,,0,h,Harris REBOUND (Off:1 Def:1),Rebound,Unknown,1,0,84,0022300043
0022300043,115,PT02M31.00S,1,1610612753,ORL,203914,Harris,G. Harris,125,225,26,Missed,1,,,0,h,MISS Harris 26' 3PT Jump Shot,Missed Shot,Jump Shot,1,3,85,0022300043
0022300043,116,PT02M31.00S,1,1610612738,BOS,204001,Porziņģis,K. Porziņģis,0,0,0,,0,,,0,v,Porzingis REBOUND (Off:0 Def:1),Rebound,Unknown,1,0,86,0022300043
0022300043,117,PT02M25.00S,1,1610612738,BOS,1627759,Brown,J. Brown,-78,258,27,Made,1,16,24,40,v,Brown 27' 3PT Running Pull-Up Jump Shot (12 PTS),Made Shot,Running Pull-Up Jump Shot,1,3,87,0022300043
0022300043,118,PT02M11.00S,1,1610612753,ORL,1631094,Banchero,P. Banchero,-104,227,25,Missed,1,,,0,h,MISS Banchero 25' 3PT Jump Shot,Missed Shot,Jump Shot,1,3,88,0022300043
0022300043,119,PT02M08.00S,1,1610612738,BOS,1630573,Hauser,S. Hauser,0,0,0,,0,,,0,v,Hauser REBOUND (Off:0 Def:1),Rebound,Unknown,1,0,89,0022300043
0022300043,120,PT02M08.00S,1,0,,1610612738,,,0,0,0,,0,,,0,v,Celtics Timeout: Regular (Reg.1 Short 0),Timeout,Regular,0,0,90,0022300043
0022300043,121,PT02M08.00S,1,1610612753,ORL,1631094,Banchero,P. Banchero,0,0,0,,0,,,0,h,SUB: Isaac FOR Banchero,Substitution,,0,0,91,0022300043
0022300043,122,PT02M08.00S,1,1610612753,ORL,1629048,Bitadze,G. Bitadze,0,0,0,,0,,,0,h,SUB: M. Wagner FOR Bitadze,Substitution,,0,0,92,0022300043
0022300043,123,PT02M08.00S,1,1610612738,BOS,1628401,White,D. White,0,0,0,,0,,,0,v,SUB: Pritchard FOR White,Substitution,,0,0,93,0022300043
0022300043,124,PT02M08.00S,1,1610612738,BOS,1630573,Hauser,S. Hauser,0,0,0,,0,,,0,v,SUB: Tatum FOR Hauser,Substitution,,0,0,94,0022300043
0022300043,129,PT01M50.00S,1,1610612738,BOS,204001,Porziņģis,K. Porziņģis,146,120,19,Missed,1,,,0,v,MISS Porzingis 19' Step Back Jump Shot,Missed Shot,Step Back Jump shot,1,2,95,0022300043
0022300043,130,PT01M47.00S,1,1610612753,ORL,1628371,Isaac,J. Isaac,0,0,0,,0,,,0,h,Isaac REBOUND (Off:0 Def:1),Rebound,Unknown,1,0,96,0022300043
0022300043,131,PT01M29.00S,1,1610612753,ORL,1630175,Anthony,C. Anthony,-28,89,9,Missed,1,,,0,h,MISS Anthony 9' Pullup Jump Shot,Missed Shot,Pullup Jump shot,1,2,97,0022300043
0022300043,132,PT01M27.00S,1,1610612738,BOS,1628369,Tatum,J. Tatum,0,0,0,,0,,,0,v,Tatum REBOUND (Off:0 Def:1),Rebound,Unknown,1,0,98,0022300043
0022300043,133,PT01M22.00S,1,1610612738,BOS,204001,Porziņģis,K. Porziņģis,0,0,0,,0,,,0,v,Porzingis Offensive Charge Foul (P1) (D.Guthrie),Foul,Offensive Charge,1,0,99,0022300043
0022300043,135,PT01M22.00S,1,1610612738,BOS,204001,Porziņģis,K. Porziņģis,0,0,0,,0,,,0,v,Porzingis Offensive Foul Turnover (P1.T3),Turnover,Offensive Foul Turnover,1,0,100,0022300043
0022300043,136,PT01M09.00S,1,1610612753,ORL,1630175,Anthony,C. Anthony,0,0,0,,0,,,0,h,Anthony Bad Pass Turnover (P1.T6),Turnover,Bad Pass,1,0,101,0022300043
0022300043,136,PT01M09.00S,1,1610612738,BOS,1628436,Kornet,L. Kornet,0,0,0,,0,,,0,v,Kornet STEAL (1 STL),,,1,0,102,0022300043
0022300043,138,PT01M04.00S,1,1610612738,BOS,1630202,Pritchard,P. Pritchard,9,6,1,Made,1,16,26,42,v,Pritchard 1' Running Layup (2 PTS) (Tatum 1 AST),Made Shot,Running Layup Shot,1,2,103,0022300043
0022300043,141,PT00M48.10S,1,1610612753,ORL,203914,Harris,G. Harris,-98,242,26,Made,1,19,26,45,h,Harris 26' 3PT Pullup Jump Shot (3 PTS),Made Shot,Pullup Jump shot,1,3,104,0022300043
0022300043,142,PT00M41.30S,1,1610612753,ORL,1629021,Wagner,M. Wagner,0,0,0,,0,,,0,h,M. Wagner S.FOUL (P1.PN) (D.Guthrie),Foul,Shooting,1,0,105,0022300043
0022300043,144,PT00M41.30S,1,1610612738,BOS,1628436,Kornet,L. Kornet,0,0,0,,0,19,27,46,v,Kornet Free Throw 1 of 2 (3 PTS),Free Throw,Free Throw 1 of 2,1,0,106,0022300043
0022300043,145,PT00M41.30S,1,1610612738,BOS,1628436,Kornet,L. Kornet,0,0,0,,0,19,28,47,v,Kornet Free Throw 2 of 2 (4 PTS),Free Throw,Free Throw 2 of 2,1,0,107,0022300043
0022300043,146,PT00M35.20S,1,1610612753,ORL,204060,Ingles,J. Ingles,0,0,0,,0,,,0,h,Ingles Out of Bounds - Bad Pass Turnover Turnover (P2.T7),Turnover,Out of Bounds - Bad Pass Turnover,1,0,108,0022300043
0022300043,147,PT00M31.40S,1,1610612738,BOS,1628369,Tatum,J. Tatum,0,0,0,,0,,,0,v,Tatum Out of Bounds - Bad Pass Turnover Turnover (P1.T4),Turnover,Out of Bounds - Bad Pass Turnover,1,0,109,0022300043
0022300043,148,PT00M18.50S,1,1610612753,ORL,1628371,Isaac,J. Isaac,151,225,27,Missed,1,,,0,h,MISS Isaac 27' 3PT Jump Shot,Missed Shot,Jump Shot,1,3,110,0022300043
0022300043,150,PT00M13.20S,1,1610612753,ORL,203914,Harris,G. Harris,0,0,0,,0,,,0,h,Harris REBOUND (Off:2 Def:1),Rebound,Unknown,1,0,111,0022300043
0022300043,158,PT00M13.20S,1,1610612753,ORL,203914,Harris,G. Harris,0,0,0,,0,,,0,h,Harris Bad Pass Turnover (P1.T8),Turnover,Bad Pass,1,0,112,0022300043
0022300043,158,PT00M13.20S,1,1610612738,BOS,1628369,Tatum,J. Tatum,0,0,0,,0,,,0,v,Tatum STEAL (1 STL),,,1,0,113,0022300043
0022300043,152,PT00M13.20S,1,1610612738,BOS,1628436,Kornet,L. Kornet,0,0,0,,0,,,0,v,SUB: Hauser FOR Kornet,Substitution,,0,0,114,0022300043
0022300043,154,PT00M13.20S,1,1610612753,ORL,204060,Ingles,J. Ingles,0,0,0,,0,,,0,h,SUB: F. Wagner FOR Ingles,Substitution,,0,0,115,0022300043
0022300043,156,PT00M02.40S,1,1610612738,BOS,204001,Porziņģis,K. Porziņģis,-4,2,0,Made,1,19,30,49,v,Porzingis Alley Oop Dunk (2 PTS) (Tatum 2 AST),Made Shot,Alley Oop Dunk Shot,1,2,116,0022300043
0022300043,162,PT00M00.00S,1,0,,0,,,0,0,0,,0,19,30,49,,End of 1st Period (3:07 PM EST),period,end,1,0,117,0022300043
0022300043,167,PT12M00.00S,2,0,,0,,,0,0,0,,0,19,30,49,,Start of 2nd Period (3:09 PM EST),period,start,0,0,118,0022300043
0022300043,168,PT11M47.00S,2,1610612753,ORL,1629021,Wagner,M. Wagner,0,0,0,,0,,,0,h,M. Wagner OFF.Foul (P2) (J.DeRosa),Foul,Offensive,0,0,119,0022300043
0022300043,172,PT11M47.00S,2,1610612753,ORL,1629021,Wagner,M. Wagner,0,0,0,,0,,,0,h,M. Wagner Offensive Foul Turnover (P1.T9),Turnover,Offensive Foul Turnover,0,0,120,0022300043
0022300043,170,PT11M47.00S,2,0,,1610612738,,,0,0,0,,0,,,0,v,Celtics Timeout: Regular (Reg.2 Short 0),Timeout,Regular,0,0,121,0022300043
0022300043,171,PT11M47.00S,2,0,,168,Mills,C. Mills,0,0,0,,0,19,30,49,,Instant Replay2nd Period (3:10 PM EST),Instant Replay,Coach Challenge Overturn Ruling,1,0,122,0022300043
0022300043,173,PT11M34.00S,2,1610612738,BOS,1628369,Tatum,J. Tatum,59,136,15,Missed,1,,,0,v,MISS Tatum 15' Fadeaway Jumper,Missed Shot,Fadeaway Jump Shot,1,2,123,0022300043
0022300043,174,PT11M34.00S,2,0,,1610612753,,,0,0,0,,0,,,0,h,MAGIC Rebound,Rebound,Unknown,1,0,124,0022300043
0022300043,176,PT11M12.00S,2,1610612738,BOS,1629052,Brissett,O. Brissett,0,0,0,,0,,,0,v,Brissett S.FOUL (P1.T1) (J.DeRosa),Foul,Shooting,1,0,125,0022300043
0022300043,178,PT11M12.00S,2,1610612753,ORL,1629021,Wagner,M. Wagner,0,0,0,,0,20,30,50,h,M. Wagner Free Throw 1 of 2 (1 PTS),Free Throw,Free Throw 1 of 2,1,0,126,0022300043
0022300043,179,PT11M12.00S,2,1610612753,ORL,1629021,Wagner,M. Wagner,0,0,0,,0,21,30,51,h,M. Wagner Free Throw 2 of 2 (2 PTS),Free Throw,Free Throw 2 of 2,1,0,127,0022300043
0022300043,180,PT11M00.00S,2,1610612738,BOS,1628369,Tatum,J. Tatum,140,221,26,Missed,1,,,0,v,MISS Tatum 26' 3PT Jump Shot,Missed Shot,Jump Shot,1,3,128,0022300043
0022300043,181,PT10M57.00S,2,1610612753,ORL,1628371,Isaac,J. Isaac,0,0,0,,0,,,0,h,Isaac REBOUND (Off:0 Def:2),Rebound,Unknown,1,0,129,0022300043
0022300043,182,PT10M47.00S,2,1610612753,ORL,1629021,Wagner,M. Wagner,-6,30,3,Made,1,23,30,53,h,M. Wagner 3' Cutting Dunk Shot (4 PTS) (Anthony 2 AST),Made Shot,Cutting Dunk Shot,1,2,130,0022300043
0022300043,184,PT10M36.00S,2,1610612738,BOS,201143,Horford,A. Horford,70,247,26,Made,1,23,33,56,v,Horford 26' 3PT Jump Shot (3 PTS) (Pritchard 1 AST),Made Shot,Jump Shot,1,3,131,0022300043
0022300043,186,PT10M22.00S,2,1610612753,ORL,1629021,Wagner,M. Wagner,-11,29,3,Made,1,25,33,58,h,M. Wagner 3' Driving Layup (6 PTS),Made Shot,Driving Layup Shot,1,2,132,0022300043
0022300043,187,PT10M02.00S,2,1610612738,BOS,1630573,Hauser,S. Hauser,48,258,26,Made,1,25,36,61,v,Hauser 26' 3PT Pullup Jump Shot (3 PTS),Made Shot,Pullup Jump shot,1,3,133,0022300043
0022300043,188,PT09M52.00S,2,1610612753,ORL,1630175,Anthony,C. Anthony,-1,29,3,Missed,1,,,0,h,MISS Anthony 3' Driving Floating Jump Shot,Missed Shot,Driving Floating Jump Shot,1,2,134,0022300043
0022300043,189,PT09M51.00S,2,1610612738,BOS,201143,Horford,A. Horford,0,0,0,,0,,,0,v,Horford REBOUND (Off:0 Def:3),Rebound,Unknown,1,0,135,0022300043
0022300043,190,PT09M41.00S,2,1610612738,BOS,1630202,Pritchard,P. Pritchard,0,0,0,,0,,,0,v,Pritchard Bad Pass Turnover (P1.T5),Turnover,Bad Pass,1,0,136,0022300043
0022300043,190,PT09M41.00S,2,1610612753,ORL,1630175,Anthony,C. Anthony,0,0,0,,0,,,0,h,Anthony STEAL (1 STL),,,1,0,137,0022300043
0022300043,192,PT09M38.00S,2,1610612738,BOS,1628369,Tatum,J. Tatum,0,0,0,,0,,,0,v,Tatum S.FOUL (P1.T2) (J.Goldenberg),Foul,Shooting,1,0,138,0022300043
0022300043,194,PT09M38.00S,2,1610612753,ORL,1630175,Anthony,C. Anthony,0,0,0,,0,,,0,h,MISS Anthony Free Throw 1 of 2,Free Throw,Free Throw 1 of 2,1,0,139,0022300043
0022300043,195,PT09M38.00S,2,0,,1610612753,,,0,0,0,,0,,,0,h,MAGIC Rebound,Rebound,Normal Rebound,1,0,140,0022300043
0022300043,196,PT09M38.00S,2,1610612738,BOS,1629052,Brissett,O. Brissett,0,0,0,,0,,,0,v,SUB: Kornet FOR Brissett,Substitution,,0,0,141,0022300043
0022300043,198,PT09M38.00S,2,1610612753,ORL,1630175,Anthony,C. Anthony,0,0,0,,0,26,36,62,h,Anthony Free Throw 2 of 2 (1 PTS),Free Throw,Free Throw 2 of 2,1,0,142,0022300043
0022300043,199,PT09M12.00S,2,1610612738,BOS,1628369,Tatum,J. Tatum,-27,149,15,Missed,1,,,0,v,MISS Tatum 15' Turnaround Jump Shot,Missed Shot,Turnaround Jump Shot,1,2,143,0022300043
0022300043,200,PT09M12.00S,2,0,,1610612738,,,0,0,0,,0,,,0,v,Celtics Rebound,Rebound,Unknown,1,0,144,0022300043
0022300043,201,PT09M11.00S,2,0,,1610612738,,,0,0,0,,0,,,0,v,Celtics Turnover: Shot Clock (T#6),Turnover,Shot Clock Turnover,0,0,145,0022300043
0022300043,202,PT08M59.00S,2,1610612753,ORL,203914,Harris,G. Harris,46,268,27,Missed,1,,,0,h,MISS Harris 27' 3PT Jump Shot,Missed Shot,Jump Shot,1,3,146,0022300043
0022300043,203,PT08M56.00S,2,1610612738,BOS,1628369,Tatum,J. Tatum,0,0,0,,0,,,0,v,Tatum REBOUND (Off:0 Def:2),Rebound,Unknown,1,0,147,0022300043
0022300043,204,PT08M50.00S,2,1610612738,BOS,1628369,Tatum,J. Tatum,0,0,0,,0,,,0,v,Tatum Offensive Charge Foul (P2) (J.DeRosa),Foul,Offensive Charge,1,0,148,0022300043
0022300043,206,PT08M50.00S,2,1610612738,BOS,1628369,Tatum,J. Tatum,0,0,0,,0,,,0,v,Tatum Offensive Foul Turnover (P2.T7),Turnover,Offensive Foul Turnover,1,0,149,0022300043
0022300043,207,PT08M42.00S,2,1610612753,ORL,1630532,Wagner,F. Wagner,20,31,4,Missed,1,,,0,h,MISS F. Wagner 4' Driving Layup,Missed Shot,Driving Layup Shot,1,2,150,0022300043
0022300043,207,PT08M42.00S,2,1610612738,BOS,1628436,Kornet,L. Kornet,0,0,0,,0,,,0,v,Kornet BLOCK (1 BLK),,,1,2,151,0022300043
0022300043,209,PT08M42.00S,2,1610612753,ORL,1628371,Isaac,J. Isaac,0,0,0,,0,,,0,h,Isaac REBOUND (Off:1 Def:2),Rebound,Unknown,1,0,152,0022300043
0022300043,210,PT08M42.00S,2,1610612738,BOS,201143,Horford,A. Horford,0,0,0,,0,,,0,v,Horford S.FOUL (P1.T3) (J.Goldenberg),Foul,Shooting,1,0,153,0022300043
0022300043,212,PT08M42.00S,2,1610612753,ORL,1628371,Isaac,J. Isaac,0,0,0,,0,27,36,63,h,Isaac Free Throw 1 of 2 (1 PTS),Free Throw,Free Throw 1 of 2,1,0,154,0022300043
0022300043,213,PT08M42.00S,2,1610612738,BOS,1630202,Pritchard,P. Pritchard,0,0,0,,0,,,0,v,SUB: White FOR Pritchard,Substitution,,0,0,155,0022300043
0022300043,215,PT08M42.00S,2,1610612753,ORL,1628371,Isaac,J. Isaac,0,0,0,,0,28,36,64,h,Isaac Free Throw 2 of 2 (2 PTS),Free Throw,Free Throw 2 of 2,1,0,156,0022300043
0022300043,216,PT08M22.00S,2,1610612738,BOS,1630573,Hauser,S. Hauser,-70,252,26,Missed,1,,,0,v,MISS Hauser 26' 3PT Pullup Jump Shot,Missed Shot,Pullup Jump shot,1,3,157,0022300043
0022300043,217,PT08M19.00S,2,1610612753,ORL,1630175,Anthony,C. Anthony,0,0,0,,0,,,0,h,Anthony REBOUND (Off:0 Def:1),Rebound,Unknown,1,0,158,0022300043
0022300043,219,PT08M11.00S,2,1610612753,ORL,1630175,Anthony,C. Anthony,-138,237,27,Made,1,31,36,67,h,Anthony 27' 3PT Jump Shot (4 PTS) (F. Wagner 1 AST),Made Shot,Jump Shot,1,3,159,0022300043
0022300043,221,PT07M50.00S,2,1610612738,BOS,1628436,Kornet,L. Kornet,12,52,5,Made,1,31,38,69,v,Kornet 5' Turnaround Hook Shot (6 PTS) (Horford 1 AST),Made Shot,Turnaround Hook Shot,1,2,160,0022300043
0022300043,223,PT07M39.00S,2,1610612753,ORL,1629021,Wagner,M. Wagner,-103,236,26,Missed,1,,,0,h,MISS M. Wagner 26' 3PT Jump Shot,Missed Shot,Jump Shot,1,3,161,0022300043
0022300043,224,PT07M36.00S,2,1610612738,BOS,201143,Horford,A. Horford,0,0,0,,0,,,0,v,Horford REBOUND (Off:0 Def:4),Rebound,Unknown,1,0,162,0022300043
0022300043,225,PT07M20.00S,2,1610612738,BOS,1628436,Kornet,L. Kornet,-4,25,3,Made,1,31,40,71,v,Kornet 3' Alley Oop Dunk (8 PTS) (White 3 AST),Made Shot,Alley Oop Dunk Shot,1,2,163,0022300043
0022300043,227,PT07M20.00S,2,0,,1610612753,,,0,0,0,,0,,,0,h,MAGIC Timeout: Regular (Full 2 Short 0),Timeout,Regular,0,0,164,0022300043
0022300043,228,PT07M20.00S,2,1610612753,ORL,1628371,Isaac,J. Isaac,0,0,0,,0,,,0,h,SUB: Banchero FOR Isaac,Substitution,,0,0,165,0022300043
0022300043,230,PT07M02.00S,2,1610612753,ORL,1630175,Anthony,C. Anthony,115,151,19,Missed,1,,,0,h,MISS Anthony 19' Pullup Jump Shot,Missed Shot,Pullup Jump shot,1,2,166,0022300043
0022300043,231,PT07M00.00S,2,1610612738,BOS,201143,Horford,A. Horford,0,0,0,,0,,,0,v,Horford REBOUND (Off:0 Def:5),Rebound,Unknown,1,0,167,0022300043
0022300043,232,PT06M52.00S,2,1610612738,BOS,1628401,White,D. White,0,0,0,,0,,,0,v,White Lost Ball Turnover (P1.T8),Turnover,Lost Ball,1,0,168,0022300043
0022300043,232,PT06M52.00S,2,1610612753,ORL,1630175,Anthony,C. Anthony,0,0,0,,0,,,0,h,Anthony STEAL (2 STL),,,1,0,169,0022300043
0022300043,234,PT06M49.00S,2,1610612753,ORL,1630532,Wagner,F. Wagner,-7,14,2,Missed,1,,,0,h,MISS F. Wagner 2' Driving Layup,Missed Shot,Driving Layup Shot,1,2,170,0022300043
0022300043,235,PT06M44.00S,2,1610612753,ORL,1629021,Wagner,M. Wagner,0,0,0,,0,,,0,h,M. Wagner REBOUND (Off:1 Def:0),Rebound,Unknown,1,0,171,0022300043
0022300043,236,PT06M44.00S,2,1610612753,ORL,1629021,Wagner,M. Wagner,0,0,0,Made,1,33,40,73,h,M. Wagner Tip Layup Shot (8 PTS),Made Shot,Tip Layup Shot,1,2,172,0022300043
0022300043,237,PT06M33.00S,2,1610612738,BOS,201143,Horford,A. Horford,232,42,24,Missed,1,,,0,v,MISS Horford 24' 3PT Jump Shot,Missed Shot,Jump Shot,1,3,173,0022300043
0022300043,238,PT06M31.00S,2,1610612753,ORL,1630532,Wagner,F. Wagner,0,0,0,,0,,,0,h,F. Wagner REBOUND (Off:0 Def:1),Rebound,Unknown,1,0,174,0022300043
0022300043,239,PT06M20.00S,2,1610612753,ORL,1630175,Anthony,C. Anthony,-2,162,16,Missed,1,,,0,h,MISS Anthony 16' Pullup Jump Shot,Missed Shot,Pullup Jump shot,1,2,175,0022300043
0022300043,239,PT06M20.00S,2,1610612738,BOS,1628401,White,D. White,0,0,0,,0,,,0,v,White BLOCK (1 BLK),,,1,2,176,0022300043
0022300043,241,PT06M16.00S,2,1610612753,ORL,1631094,Banchero,P. Banchero,0,0,0,,0,,,0,h,Banchero REBOUND (Off:1 Def:2),Rebound,Unknown,1,0,177,0022300043
0022300043,242,PT06M15.00S,2,1610612753,ORL,1630532,Wagner,F. Wagner,12,267,27,Missed,1,,,0,h,MISS F. Wagner 27' 3PT Jump Shot,Missed Shot,Jump Shot,1,3,178,0022300043
0022300043,243,PT06M13.00S,2,1610612753,ORL,1630175,Anthony,C. Anthony,0,0,0,,0,,,0,h,Anthony REBOUND (Off:1 Def:1),Rebound,Unknown,1,0,179,0022300043
0022300043,244,PT06M10.00S,2,1610612753,ORL,1630175,Anthony,C. Anthony,148,215,26,Made,1,36,40,76,h,Anthony 26' 3PT Jump Shot (7 PTS),Made Shot,Jump Shot,1,3,180,0022300043
0022300043,245,PT05M44.00S,2,1610612738,BOS,1628401,White,D. White,-10,280,28,Missed,1,,,0,v,MISS White 28' 3PT Pullup Jump Shot,Missed Shot,Pullup Jump shot,1,3,181,0022300043
0022300043,246,PT05M42.00S,2,1610612753,ORL,1630532,Wagner,F. Wagner,0,0,0,,0,,,0,h,F. Wagner REBOUND (Off:0 Def:2),Rebound,Unknown,1,0,182,0022300043
0022300043,247,PT05M37.00S,2,1610612738,BOS,201143,Horford,A. Horford,0,0,0,,0,,,0,v,Horford S.FOUL (P2.T4) (J.DeRosa),Foul,Shooting,1,0,183,0022300043
0022300043,249,PT05M37.00S,2,1610612753,ORL,1629021,Wagner,M. Wagner,0,0,0,,0,37,40,77,h,M. Wagner Free Throw 1 of 2 (9 PTS),Free Throw,Free Throw 1 of 2,1,0,184,0022300043
0022300043,250,PT05M37.00S,2,1610612753,ORL,203914,Harris,G. Harris,0,0,0,,0,,,0,h,SUB: Suggs FOR Harris,Substitution,,0,0,185,0022300043
0022300043,251,PT05M37.00S,2,1610612738,BOS,1630573,Hauser,S. Hauser,0,0,0,,0,,,0,v,SUB: Brown FOR Hauser,Substitution,,0,0,186,0022300043
0022300043,252,PT05M37.00S,2,1610612738,BOS,1628436,Kornet,L. Kornet,0,0,0,,0,,,0,v,SUB: Porzingis FOR Kornet,Substitution,,0,0,187,0022300043
0022300043,256,PT05M37.00S,2,1610612753,ORL,1629021,Wagner,M. Wagner,0,0,0,,0,,,0,h,MISS M. Wagner Free Throw 2 of 2,Free Throw,Free Throw 2 of 2,1,0,188,0022300043
0022300043,257,PT05M33.00S,2,1610612738,BOS,1628369,Tatum,J. Tatum,0,0,0,,0,,,0,v,Tatum REBOUND (Off:0 Def:3),Rebound,Unknown,1,0,189,0022300043
0022300043,258,PT05M24.00S,2,1610612738,BOS,1627759,Brown,J. Brown,-173,216,28,Missed,1,,,0,v,MISS Brown 28' 3PT Jump Shot,Missed Shot,Jump Shot,1,3,190,0022300043
0022300043,259,PT05M22.00S,2,0,,1610612753,,,0,0,0,,0,,,0,h,MAGIC Rebound,Rebound,Unknown,1,0,191,0022300043
0022300043,261,PT05M08.00S,2,1610612753,ORL,1629021,Wagner,M. Wagner,2,10,1,Made,1,39,40,79,h,M. Wagner 1' Driving Layup (11 PTS) (Banchero 2 AST),Made Shot,Driving Layup Shot,1,2,192,0022300043
0022300043,262,PT05M08.00S,2,1610612738,BOS,204001,Porziņģis,K. Porziņģis,0,0,0,,0,,,0,v,Porzingis S.FOUL (P2.PN) (J.Goldenberg),Foul,Shooting,1,0,193,0022300043
0022300043,265,PT05M08.00S,2,1610612753,ORL,1630175,Anthony,C. Anthony,0,0,0,,0,,,0,h,SUB: Ingles FOR Anthony,Substitution,,0,0,194,0022300043
0022300043,267,PT05M08.00S,2,1610612753,ORL,1629021,Wagner,M. Wagner,0,0,0,,0,40,40,80,h,M. Wagner Free Throw 1 of 1 (12 PTS),Free Throw,Free Throw 1 of 1,1,0,195,0022300043
0022300043,268,PT04M57.00S,2,1610612753,ORL,1629021,Wagner,M. Wagner,0,0,0,,0,,,0,h,M. Wagner P.FOUL (P3.T1) (J.Goldenberg),Foul,Personal,1,0,196,0022300043
0022300043,270,PT04M57.00S,2,1610612753,ORL,1629021,Wagner,M. Wagner,0,0,0,,0,,,0,h,SUB: Bitadze FOR M. Wagner,Substitution,,0,0,197,0022300043
0022300043,272,PT04M50.00S,2,1610612738,BOS,1628369,Tatum,J. Tatum,-69,22,7,Missed,1,,,0,v,MISS Tatum 7' Layup,Missed Shot,Layup Shot,1,2,198,0022300043
0022300043,272,PT04M50.00S,2,1610612753,ORL,1630532,Wagner,F. Wagner,0,0,0,,0,,,0,h,F. Wagner BLOCK (1 BLK),,,1,2,199,0022300043
0022300043,274,PT04M46.00S,2,1610612753,ORL,1630532,Wagner,F. Wagner,0,0,0,,0,,,0,h,F. Wagner REBOUND (Off:0 Def:3),Rebound,Unknown,1,0,200,0022300043
0022300043,275,PT04M42.00S,2,1610612753,ORL,1629048,Bitadze,G. Bitadze,-16,6,2,Missed,1,,,0,h,MISS Bitadze 2' Running Reverse Layup,Missed Shot,Running Reverse Layup Shot,1,2,201,0022300043
0022300043,276,PT04M42.00S,2,1610612738,BOS,204001,Porziņģis,K. Porziņģis,0,0,0,,0,,,0,v,Porzingis REBOUND (Off:0 Def:2),Rebound,Unknown,1,0,202,0022300043
0022300043,277,PT04M34.00S,2,1610612738,BOS,1628369,Tatum,J. Tatum,10,1,1,Made,1,40,42,82,v,Tatum 1' Cutting Layup Shot (6 PTS) (Brown 1 AST),Made Shot,Cutting Layup Shot,1,2,203,0022300043
0022300043,279,PT04M21.00S,2,1610612753,ORL,1631094,Banchero,P. Banchero,-15,267,27,Missed,1,,,0,h,MISS Banchero 27' 3PT Step Back Jump Shot,Missed Shot,Step Back Jump shot,1,3,204,0022300043
0022300043,280,PT04M18.00S,2,1610612738,BOS,1627759,Brown,J. Brown,0,0,0,,0,,,0,v,Brown REBOUND (Off:0 Def:2),Rebound,Unknown,1,0,205,0022300043
0022300043,281,PT04M04.00S,2,1610612738,BOS,1627759,Brown,J. Brown,31,169,17,Missed,1,,,0,v,MISS Brown 17' Turnaround Fadeaway Shot,Missed Shot,Turnaround Fadeaway shot,1,2,206,0022300043
0022300043,282,PT04M01.00S,2,1610612753,ORL,1630532,Wagner,F. Wagner,0,0,0,,0,,,0,h,F. Wagner REBOUND (Off:0 Def:4),Rebound,Unknown,1,0,207,0022300043
0022300043,284,PT03M51.00S,2,1610612753,ORL,1631094,Banchero,P. Banchero,0,0,0,,0,,,0,h,Banchero Traveling Turnover (P3.T10),Turnover,Traveling,1,0,208,0022300043
0022300043,285,PT03M37.00S,2,1610612738,BOS,1627759,Brown,J. Brown,13,12,2,Made,1,40,44,84,v,Brown 2' Driving Layup (14 PTS),Made Shot,Driving Layup Shot,1,2,209,0022300043
0022300043,286,PT03M24.00S,2,1610612753,ORL,1631094,Banchero,P. Banchero,-5,17,2,Made,1,42,44,86,h,Banchero 2' Driving Layup (7 PTS),Made Shot,Driving Layup Shot,1,2,210,0022300043
0022300043,288,PT03M09.00S,2,1610612753,ORL,1630532,Wagner,F. Wagner,0,0,0,,0,,,0,h,F. Wagner S.FOUL (P1.T2) (J.DeRosa),Foul,Shooting,1,0,211,0022300043
0022300043,290,PT03M09.00S,2,1610612738,BOS,1628369,Tatum,J. Tatum,0,0,0,,0,42,45,87,v,Tatum Free Throw 1 of 2 (7 PTS),Free Throw,Free Throw 1 of 2,1,0,212,0022300043
0022300043,291,PT03M09.00S,2,1610612753,ORL,1629048,Bitadze,G. Bitadze,0,0,0,,0,,,0,h,SUB: Anthony FOR Bitadze,Substitution,,0,0,213,0022300043
0022300043,292,PT03M09.00S,2,1610612738,BOS,201143,Horford,A. Horford,0,0,0,,0,,,0,v,SUB: Kornet FOR Horford,Substitution,,0,0,214,0022300043
0022300043,295,PT03M09.00S,2,1610612738,BOS,1628369,Tatum,J. Tatum,0,0,0,,0,42,46,88,v,Tatum Free Throw 2 of 2 (8 PTS),Free Throw,Free Throw 2 of 2,1,0,215,0022300043
0022300043,296,PT02M53.00S,2,1610612738,BOS,1627759,Brown,J. Brown,0,0,0,,0,,,0,v,Brown S.FOUL (P2.PN) (J.DeRosa),Foul,Shooting,1,0,216,0022300043
0022300043,298,PT02M53.00S,2,1610612753,ORL,1630591,Suggs,J. Suggs,0,0,0,,0,43,46,89,h,Suggs Free Throw 1 of 2 (1 PTS),Free Throw,Free Throw 1 of 2,0,0,217,0022300043
0022300043,299,PT02M53.00S,2,1610612753,ORL,1630591,Suggs,J. Suggs,0,0,0,,0,,,0,h,MISS Suggs Free Throw 2 of 2,Free Throw,Free Throw 2 of 2,1,0,218,0022300043
0022300043,300,PT02M51.00S,2,1610612738,BOS,204001,Porziņģis,K. Porziņģis,0,0,0,,0,,,0,v,Porzingis REBOUND (Off:0 Def:3),Rebound,Unknown,1,0,219,0022300043
0022300043,301,PT02M41.00S,2,1610612738,BOS,1628401,White,D. White,232,64,24,Missed,1,,,0,v,MISS White 24' 3PT Jump Shot,Missed Shot,Jump Shot,1,3,220,0022300043
0022300043,302,PT02M37.00S,2,1610612738,BOS,204001,Porziņģis,K. Porziņģis,0,0,0,,0,,,0,v,Porzingis REBOUND (Off:1 Def:3),Rebound,Unknown,1,0,221,0022300043
0022300043,303,PT02M35.00S,2,1610612738,BOS,204001,Porziņģis,K. Porziņģis,-31,117,12,Made,1,43,48,91,v,Porzingis 12' Putback Layup (4 PTS),Made Shot,Putback Layup Shot,1,2,222,0022300043
0022300043,304,PT02M18.00S,2,1610612753,ORL,1630532,Wagner,F. Wagner,0,19,2,Made,1,45,48,93,h,F. Wagner 2' Driving Layup (6 PTS),Made Shot,Driving Layup Shot,1,2,223,0022300043
0022300043,305,PT02M02.00S,2,1610612738,BOS,204001,Porziņģis,K. Porziņģis,0,0,0,,0,,,0,v,Porzingis OFF.Foul (P3) (J.Goldenberg),Foul,Offensive,1,0,224,0022300043
0022300043,307,PT02M02.00S,2,1610612738,BOS,204001,Porziņģis,K. Porziņģis,0,0,0,,0,,,0,v,Porzingis Offensive Foul Turnover (P2.T9),Turnover,Offensive Foul Turnover,1,0,225,0022300043
0022300043,308,PT01M50.00S,2,1610612753,ORL,1631094,Banchero,P. Banchero,-1,25,3,Missed,1,,,0,h,MISS Banchero 3' Driving Layup,Missed Shot,Driving Layup Shot,1,2,226,0022300043
0022300043,310,PT01M47.00S,2,1610612738,BOS,1628436,Kornet,L. Kornet,0,0,0,,0,,,0,v,Kornet REBOUND (Off:0 Def:1),Rebound,Unknown,1,0,227,0022300043
0022300043,311,PT01M34.00S,2,1610612738,BOS,1627759,Brown,J. Brown,0,0,0,,0,,,0,v,Brown Lost Ball Turnover (P3.T10),Turnover,Lost Ball,1,0,228,0022300043
0022300043,311,PT01M34.00S,2,1610612753,ORL,1630591,Suggs,J. Suggs,0,0,0,,0,,,0,h,Suggs STEAL (1 STL),,,1,0,229,0022300043
0022300043,313,PT01M29.00S,2,1610612753,ORL,1630175,Anthony,C. Anthony,-1,19,2,Made,1,47,48,95,h,Anthony 2' Running Alley Oop Dunk Shot (9 PTS) (F. Wagner 2 AST),Made Shot,Running Alley Oop Dunk Shot,1,2,230,0022300043
0022300043,315,PT01M16.00S,2,1610612738,BOS,1627759,Brown,J. Brown,0,0,0,,0,,,0,v,Brown T.FOUL (P2.PN) (J.DeRosa),Foul,Technical,1,0,231,0022300043
0022300043,316,PT01M16.00S,2,1610612753,ORL,1630175,Anthony,C. Anthony,0,0,0,,0,,,0,h,MISS Anthony Free Throw Technical,Free Throw,Free Throw Technical,1,0,232,0022300043
0022300043,317,PT01M16.00S,2,0,,1610612738,,,0,0,0,,0,,,0,v,Celtics Rebound,Rebound,Normal Rebound,1,0,233,0022300043
0022300043,318,PT01M02.00S,2,1610612738,BOS,204001,Porziņģis,K. Porziņģis,147,207,25,Made,1,47,51,98,v,Porzingis 25' 3PT Jump Shot (7 PTS) (Tatum 3 AST),Made Shot,Jump Shot,1,3,234,0022300043
0022300043,320,PT00M53.80S,2,1610612753,ORL,204060,Ingles,J. Ingles,26,33,4,Missed,1,,,0,h,MISS Ingles 4' Driving Layup,Missed Shot,Driving Layup Shot,1,2,235,0022300043
0022300043,320,PT00M53.80S,2,1610612738,BOS,1628436,Kornet,L. Kornet,0,0,0,,0,,,0,v,Kornet BLOCK (2 BLK),,,1,2,236,0022300043
0022300043,322,PT00M51.30S,2,1610612738,BOS,1627759,Brown,J. Brown,0,0,0,,0,,,0,v,Brown REBOUND (Off:0 Def:3),Rebound,Unknown,1,0,237,0022300043
0022300043,323,PT00M49.40S,2,1610612753,ORL,1631094,Banchero,P. Banchero,0,0,0,,0,,,0,h,Banchero P.FOUL (P3.T3) (D.Guthrie),Foul,Personal,1,0,238,0022300043
0022300043,325,PT00M49.40S,2,1610612753,ORL,1631094,Banchero,P. Banchero,0,0,0,,0,,,0,h,Banchero T.FOUL (P3.T3) (D.Guthrie),Foul,Technical,0,0,239,0022300043
0022300043,326,PT00M49.40S,2,1610612738,BOS,1628369,Tatum,J. Tatum,0,0,0,,0,47,52,99,v,Tatum Free Throw Technical (9 PTS),Free Throw,Free Throw Technical,1,0,240,0022300043
0022300043,327,PT00M35.30S,2,1610612738,BOS,1628369,Tatum,J. Tatum,11,20,2,Made,1,47,54,101,v,Tatum 2' Cutting Dunk Shot (11 PTS) (Porzingis 1 AST),Made Shot,Cutting Dunk Shot,1,2,241,0022300043
0022300043,329,PT00M35.30S,2,1610612738,BOS,1628369,Tatum,J. Tatum,0,0,0,,0,,,0,v,Tatum HANGING.TECH.FOUL (P2.PN) (J.DeRosa),Foul,Hanging Technical,1,0,242,0022300043
0022300043,330,PT00M35.30S,2,1610612753,ORL,1630175,Anthony,C. Anthony,0,0,0,,0,48,54,102,h,Anthony Free Throw Technical (10 PTS),Free Throw,Free Throw Technical,0,0,243,0022300043
0022300043,331,PT00M35.30S,2,1610612738,BOS,204001,Porziņģis,K. Porziņģis,0,0,0,,0,,,0,v,SUB: Horford FOR Porzingis,Substitution,,0,0,244,0022300043
0022300043,333,PT00M14.10S,2,1610612753,ORL,1630175,Anthony,C. Anthony,-10,25,3,Missed,1,,,0,h,MISS Anthony 3' Driving Layup,Missed Shot,Driving Layup Shot,1,2,245,0022300043
0022300043,334,PT00M10.30S,2,1610612738,BOS,1628401,White,D. White,0,0,0,,0,,,0,v,White REBOUND (Off:0 Def:2),Rebound,Unknown,1,0,246,0022300043
0022300043,335,PT00M02.30S,2,1610612738,BOS,1628436,Kornet,L. Kornet,16,13,2,Missed,1,,,0,v,MISS Kornet 2' Reverse Layup,Missed Shot,Reverse Layup Shot,1,2,247,0022300043
0022300043,336,PT00M01.00S,2,1610612738,BOS,1628436,Kornet,L. Kornet,0,0,0,,0,,,0,v,Kornet REBOUND (Off:1 Def:1),Rebound,Unknown,1,0,248,0022300043
0022300043,337,PT00M01.00S,2,1610612738,BOS,1628436,Kornet,L. Kornet,-2,15,2,Made,1,48,56,104,v,Kornet 2' Putback Layup (10 PTS),Made Shot,Putback Layup Shot,1,2,249,0022300043
0022300043,338,PT00M00.00S,2,0,,0,,,0,0,0,,0,48,56,104,,End of 2nd Period (3:39 PM EST),period,end,1,0,250,0022300043
0022300043,345,PT12M00.00S,3,0,,0,,,0,0,0,,0,48,56,104,,Start of 3rd Period (3:54 PM EST),period,start,0,0,251,0022300043
0022300043,346,PT11M36.00S,3,1610612738,BOS,201143,Horford,A. Horford,0,0,0,,0,,,0,v,Horford P.FOUL (P3.T1) (D.Guthrie),Foul,Personal,1,0,252,0022300043
0022300043,348,PT11M29.00S,3,1610612753,ORL,203914,Harris,G. Harris,0,0,0,,0,,,0,h,Harris Out of Bounds Lost Ball Turnover (P2.T11),Turnover,Out of Bounds Lost Ball Turnover,1,0,253,0022300043
0022300043,349,PT11M14.00S,3,1610612738,BOS,1627759,Brown,J. Brown,0,-6,1,Made,1,48,58,106,v,Brown 1' Cutting Dunk Shot (16 PTS) (Porzingis 2 AST),Made Shot,Cutting Dunk Shot,1,2,254,0022300043
0022300043,351,PT10M55.00S,3,1610612753,ORL,1630591,Suggs,J. Suggs,-37,67,8,Missed,1,,,0,h,MISS Suggs 8' Jump Bank Shot,Missed Shot,Jump Bank Shot,1,2,255,0022300043
0022300043,352,PT10M55.00S,3,0,,1610612738,,,0,0,0,,0,,,0,v,Celtics Rebound,Rebound,Unknown,1,0,256,0022300043
0022300043,353,PT10M55.00S,3,1610612753,ORL,1629048,Bitadze,G. Bitadze,0,0,0,,0,,,0,h,Bitadze L.B.FOUL (P2.T1) (J.DeRosa),Foul,Loose Ball,1,0,257,0022300043
0022300043,355,PT10M40.00S,3,1610612738,BOS,204001,Porziņģis,K. Porziņģis,-25,158,16,Made,1,48,60,108,v,Porzingis 16' Pullup Jump Shot (9 PTS) (White 4 AST),Made Shot,Pullup Jump shot,1,2,258,0022300043
0022300043,356,PT10M27.00S,3,1610612753,ORL,1631094,Banchero,P. Banchero,-33,169,17,Made,1,50,60,110,h,Banchero 17' Pullup Jump Shot (9 PTS),Made Shot,Pullup Jump shot,1,2,259,0022300043
0022300043,358,PT10M09.00S,3,1610612738,BOS,1627759,Brown,J. Brown,75,278,29,Missed,1,,,0,v,MISS Brown 29' 3PT Step Back Jump Shot,Missed Shot,Step Back Jump shot,1,3,260,0022300043
0022300043,359,PT10M05.00S,3,1610612753,ORL,1630591,Suggs,J. Suggs,0,0,0,,0,,,0,h,Suggs REBOUND (Off:0 Def:1),Rebound,Unknown,1,0,261,0022300043
0022300043,360,PT09M55.00S,3,1610612753,ORL,1631094,Banchero,P. Banchero,-120,236,26,Missed,1,,,0,h,MISS Banchero 26' 3PT Pullup Jump Shot,Missed Shot,Pullup Jump shot,1,3,262,0022300043
0022300043,361,PT09M54.00S,3,0,,1610612738,,,0,0,0,,0,,,0,v,Celtics Rebound,Rebound,Unknown,1,0,263,0022300043
0022300043,363,PT09M41.00S,3,1610612753,ORL,1630591,Suggs,J. Suggs,0,0,0,,0,,,0,h,Suggs S.FOUL (P1.T2) (D.Guthrie),Foul,Shooting,1,0,264,0022300043
0022300043,365,PT09M41.00S,3,1610612738,BOS,1628369,Tatum,J. Tatum,0,0,0,,0,50,61,111,v,Tatum Free Throw 1 of 2 (12 PTS),Free Throw,Free Throw 1 of 2,1,0,265,0022300043
0022300043,366,PT09M41.00S,3,1610612738,BOS,1628369,Tatum,J. Tatum,0,0,0,,0,50,62,112,v,Tatum Free Throw 2 of 2 (13 PTS),Free Throw,Free Throw 2 of 2,0,0,266,0022300043
0022300043,367,PT09M23.00S,3,1610612753,ORL,1630591,Suggs,J. Suggs,-120,216,25,Made,1,53,62,115,h,Suggs 25' 3PT Jump Shot (4 PTS) (F. Wagner 3 AST),Made Shot,Jump Shot,1,3,267,0022300043
0022300043,369,PT09M12.00S,3,1610612738,BOS,204001,Porziņģis,K. Porziņģis,-23,261,26,Missed,1,,,0,v,MISS Porzingis 26' 3PT Jump Shot,Missed Shot,Jump Shot,1,3,268,0022300043
0022300043,370,PT09M09.00S,3,1610612753,ORL,1630532,Wagner,F. Wagner,0,0,0,,0,,,0,h,F. Wagner REBOUND (Off:0 Def:5),Rebound,Unknown,1,0,269,0022300043
0022300043,371,PT09M02.00S,3,1610612753,ORL,1630532,Wagner,F. Wagner,9,4,1,Made,1,55,62,117,h,F. Wagner 1' Running Layup (8 PTS),Made Shot,Running Layup Shot,1,2,270,0022300043
0022300043,372,PT08M44.00S,3,1610612753,ORL,1629048,Bitadze,G. Bitadze,0,0,0,,0,,,0,h,Bitadze P.FOUL (P3.T3) (J.DeRosa),Foul,Personal,1,0,271,0022300043
0022300043,374,PT08M35.00S,3,1610612738,BOS,1628369,Tatum,J. Tatum,-135,15,14,Missed,1,,,0,v,MISS Tatum 14' Turnaround Fadeaway Shot,Missed Shot,Turnaround Fadeaway shot,1,2,272,0022300043
0022300043,375,PT08M33.00S,3,1610612753,ORL,1629048,Bitadze,G. Bitadze,0,0,0,,0,,,0,h,Bitadze REBOUND (Off:2 Def:3),Rebound,Unknown,1,0,273,0022300043
0022300043,376,PT08M28.00S,3,1610612753,ORL,1630532,Wagner,F. Wagner,-216,132,25,Made,1,58,62,120,h,F. Wagner 25' 3PT Running Jump Shot (11 PTS) (Banchero 3 AST),Made Shot,Running Jump Shot,1,3,274,0022300043
0022300043,378,PT08M00.00S,3,1610612738,BOS,1627759,Brown,J. Brown,-4,34,3,Missed,1,,,0,v,MISS Brown 3' Driving Layup,Missed Shot,Driving Layup Shot,1,2,275,0022300043
0022300043,379,PT07M58.00S,3,1610612753,ORL,1631094,Banchero,P. Banchero,0,0,0,,0,,,0,h,Banchero REBOUND (Off:1 Def:3),Rebound,Unknown,1,0,276,0022300043
0022300043,380,PT07M51.00S,3,1610612753,ORL,1630591,Suggs,J. Suggs,130,234,27,Made,1,61,62,123,h,Suggs 27' 3PT Jump Shot (7 PTS) (Bitadze 3 AST),Made Shot,Jump Shot,1,3,277,0022300043
0022300043,382,PT07M36.00S,3,1610612738,BOS,1628401,White,D. White,0,0,0,,0,,,0,v,White Bad Pass Turnover (P2.T11),Turnover,Bad Pass,1,0,278,0022300043
0022300043,382,PT07M36.00S,3,1610612753,ORL,1629048,Bitadze,G. Bitadze,0,0,0,,0,,,0,h,Bitadze STEAL (1 STL),,,1,0,279,0022300043
0022300043,384,PT07M36.00S,3,1610612738,BOS,1628369,Tatum,J. Tatum,0,0,0,,0,,,0,v,Tatum Transition Take Foul (P3.T2) (J.Goldenberg),Foul,Transition Take,1,0,280,0022300043
0022300043,386,PT07M36.00S,3,1610612753,ORL,203914,Harris,G. Harris,0,0,0,,0,62,62,124,h,Harris Free Throw 1 of 1 (4 PTS),Free Throw,Free Throw 1 of 1,1,0,281,0022300043
0022300043,387,PT07M22.00S,3,1610612753,ORL,1630532,Wagner,F. Wagner,-126,241,27,Missed,1,,,0,h,MISS F. Wagner 27' 3PT Step Back Jump Shot,Missed Shot,Step Back Jump shot,1,3,282,0022300043
0022300043,388,PT07M19.00S,3,1610612738,BOS,1628401,White,D. White,0,0,0,,0,,,0,v,White REBOUND (Off:0 Def:3),Rebound,Unknown,1,0,283,0022300043
0022300043,389,PT07M12.00S,3,1610612738,BOS,201143,Horford,A. Horford,-115,261,29,Missed,1,,,0,v,MISS Horford 29' 3PT Jump Shot,Missed Shot,Jump Shot,1,3,284,0022300043
0022300043,390,PT07M09.00S,3,1610612753,ORL,1630591,Suggs,J. Suggs,0,0,0,,0,,,0,h,Suggs REBOUND (Off:0 Def:2),Rebound,Unknown,1,0,285,0022300043
0022300043,391,PT06M51.00S,3,1610612753,ORL,1630591,Suggs,J. Suggs,0,0,0,,0,,,0,h,Suggs Lost Ball Turnover (P2.T12),Turnover,Lost Ball,1,0,286,0022300043
0022300043,391,PT06M51.00S,3,1610612738,BOS,1628401,White,D. White,0,0,0,,0,,,0,v,White STEAL (1 STL),,,1,0,287,0022300043
0022300043,393,PT06M44.00S,3,1610612753,ORL,1629048,Bitadze,G. Bitadze,0,0,0,,0,,,0,h,Bitadze P.FOUL (P4.T4) (D.Guthrie),Foul,Personal,1,0,288,0022300043
0022300043,395,PT06M44.00S,3,0,,1610612753,,,0,0,0,,0,,,0,h,MAGIC Timeout: Regular (Full 3 Short 0),Timeout,Regular,0,0,289,0022300043
0022300043,396,PT06M44.00S,3,1610612738,BOS,204001,Porziņģis,K. Porziņģis,0,0,0,,0,,,0,v,SUB: Kornet FOR Porzingis,Substitution,,0,0,290,0022300043
0022300043,398,PT06M34.00S,3,1610612738,BOS,1628369,Tatum,J. Tatum,16,6,2,Missed,1,,,0,v,MISS Tatum 2' Turnaround Hook Shot,Missed Shot,Turnaround Hook Shot,1,2,291,0022300043
0022300043,398,PT06M34.00S,3,1610612753,ORL,1629048,Bitadze,G. Bitadze,0,0,0,,0,,,0,h,Bitadze BLOCK (1 BLK),,,1,2,292,0022300043
0022300043,400,PT06M33.00S,3,0,,1610612738,,,0,0,0,,0,,,0,v,Celtics Rebound,Rebound,Unknown,1,0,293,0022300043
0022300043,402,PT06M28.00S,3,1610612738,BOS,1628401,White,D. White,60,258,26,Missed,1,,,0,v,MISS White 26' 3PT Jump Shot,Missed Shot,Jump Shot,1,3,294,0022300043
0022300043,403,PT06M26.00S,3,1610612753,ORL,1630591,Suggs,J. Suggs,0,0,0,,0,,,0,h,Suggs REBOUND (Off:0 Def:3),Rebound,Unknown,1,0,295,0022300043
0022300043,404,PT06M15.00S,3,1610612753,ORL,1629048,Bitadze,G. Bitadze,6,-6,1,Made,1,64,62,126,h,Bitadze 1' Dunk (6 PTS) (Suggs 1 AST),Made Shot,Dunk Shot,1,2,296,0022300043
0022300043,406,PT05M54.00S,3,1610612738,BOS,1627759,Brown,J. Brown,-69,185,20,Missed,1,,,0,v,MISS Brown 20' Pullup Jump Shot,Missed Shot,Pullup Jump shot,1,2,297,0022300043
0022300043,407,PT05M53.00S,3,0,,1610612753,,,0,0,0,,0,,,0,h,MAGIC Rebound,Rebound,Unknown,1,0,298,0022300043
0022300043,409,PT05M31.00S,3,1610612753,ORL,1631094,Banchero,P. Banchero,116,218,25,Made,1,67,62,129,h,Banchero 25' 3PT Jump Shot (12 PTS) (F. Wagner 4 AST),Made Shot,Jump Shot,1,3,299,0022300043
0022300043,411,PT05M16.00S,3,1610612738,BOS,1628436,Kornet,L. Kornet,0,0,0,,0,,,0,v,Kornet Offensive Charge Foul (P2) (J.Goldenberg),Foul,Offensive Charge,1,0,300,0022300043
0022300043,413,PT05M16.00S,3,1610612738,BOS,1628436,Kornet,L. Kornet,0,0,0,,0,,,0,v,Kornet Offensive Foul Turnover (P1.T12),Turnover,Offensive Foul Turnover,1,0,301,0022300043
0022300043,414,PT05M16.00S,3,1610612738,BOS,1628369,Tatum,J. Tatum,0,0,0,,0,,,0,v,SUB: Pritchard FOR Tatum,Substitution,,0,0,302,0022300043
0022300043,415,PT05M16.00S,3,1610612738,BOS,201143,Horford,A. Horford,0,0,0,,0,,,0,v,SUB: Hauser FOR Horford,Substitution,,0,0,303,0022300043
0022300043,418,PT05M08.00S,3,1610612753,ORL,1630591,Suggs,J. Suggs,0,0,0,,0,,,0,h,Suggs Traveling Turnover (P3.T13),Turnover,Traveling,1,0,304,0022300043
0022300043,419,PT04M58.00S,3,1610612753,ORL,1629048,Bitadze,G. Bitadze,0,0,0,,0,,,0,h,Bitadze S.FOUL (P5.PN) (D.Guthrie),Foul,Shooting,1,0,305,0022300043
0022300043,421,PT04M58.00S,3,1610612738,BOS,1628401,White,D. White,0,0,0,,0,67,63,130,v,White Free Throw 1 of 2 (7 PTS),Free Throw,Free Throw 1 of 2,1,0,306,0022300043
0022300043,422,PT04M58.00S,3,1610612753,ORL,1629048,Bitadze,G. Bitadze,0,0,0,,0,,,0,h,SUB: M. Wagner FOR Bitadze,Substitution,,0,0,307,0022300043
0022300043,424,PT04M58.00S,3,1610612753,ORL,1629048,Bitadze,G. Bitadze,0,0,0,,0,,,0,h,Bitadze T.FOUL (P5.PN) (J.DeRosa),Foul,Technical,0,0,308,0022300043
0022300043,425,PT04M58.00S,3,1610612738,BOS,1628401,White,D. White,0,0,0,,0,67,64,131,v,White Free Throw Technical (8 PTS),Free Throw,Free Throw Technical,1,0,309,0022300043
0022300043,426,PT04M58.00S,3,1610612738,BOS,1628401,White,D. White,0,0,0,,0,67,65,132,v,White Free Throw 2 of 2 (9 PTS),Free Throw,Free Throw 2 of 2,1,0,310,0022300043
0022300043,427,PT04M33.00S,3,1610612753,ORL,1630532,Wagner,F. Wagner,-98,242,26,Missed,1,,,0,h,MISS F. Wagner 26' 3PT Turnaround Jump Shot,Missed Shot,Turnaround Jump Shot,1,3,311,0022300043
0022300043,428,PT04M29.00S,3,1610612738,BOS,1628436,Kornet,L. Kornet,0,0,0,,0,,,0,v,Kornet REBOUND (Off:1 Def:2),Rebound,Unknown,1,0,312,0022300043
0022300043,429,PT04M25.00S,3,1610612738,BOS,1628401,White,D. White,0,0,0,,0,,,0,v,White Out of Bounds - Bad Pass Turnover Turnover (P3.T13),Turnover,Out of Bounds - Bad Pass Turnover,1,0,313,0022300043
0022300043,430,PT04M11.00S,3,1610612753,ORL,1630532,Wagner,F. Wagner,0,0,0,,0,,,0,h,F. Wagner Bad Pass Turnover (P1.T14),Turnover,Bad Pass,1,0,314,0022300043
0022300043,430,PT04M11.00S,3,1610612738,BOS,1628436,Kornet,L. Kornet,0,0,0,,0,,,0,v,Kornet STEAL (2 STL),,,1,0,315,0022300043
0022300043,432,PT03M58.00S,3,1610612738,BOS,1628401,White,D. White,80,255,27,Made,1,67,68,135,v,White 27' 3PT Jump Shot (12 PTS) (Brown 2 AST),Made Shot,Jump Shot,1,3,316,0022300043
0022300043,434,PT03M46.00S,3,1610612753,ORL,1630591,Suggs,J. Suggs,-76,64,10,Missed,1,,,0,h,MISS Suggs 10' Driving Floating Jump Shot,Missed Shot,Driving Floating Jump Shot,1,2,317,0022300043
0022300043,435,PT03M42.00S,3,1610612738,BOS,1628436,Kornet,L. Kornet,0,0,0,,0,,,0,v,Kornet REBOUND (Off:1 Def:3),Rebound,Unknown,1,0,318,0022300043
0022300043,436,PT03M41.00S,3,1610612738,BOS,1628401,White,D. White,-121,225,26,Missed,1,,,0,v,MISS White 26' 3PT Running Jump Shot,Missed Shot,Running Jump Shot,1,3,319,0022300043
0022300043,437,PT03M41.00S,3,1610612753,ORL,1629021,Wagner,M. Wagner,0,0,0,,0,,,0,h,M. Wagner REBOUND (Off:1 Def:1),Rebound,Unknown,1,0,320,0022300043
0022300043,438,PT03M36.00S,3,0,,1610612753,,,0,0,0,,0,,,0,h,MAGIC Timeout: Regular (Full 4 Short 0),Timeout,Regular,0,0,321,0022300043
0022300043,440,PT03M36.00S,3,1610612753,ORL,1630591,Suggs,J. Suggs,0,0,0,,0,,,0,h,SUB: Anthony FOR Suggs,Substitution,,0,0,322,0022300043
0022300043,441,PT03M36.00S,3,1610612753,ORL,203914,Harris,G. Harris,0,0,0,,0,,,0,h,SUB: Ingles FOR Harris,Substitution,,0,0,323,0022300043
0022300043,442,PT03M36.00S,3,1610612753,ORL,1630532,Wagner,F. Wagner,0,0,0,,0,,,0,h,SUB: Houstan FOR F. Wagner,Substitution,,0,0,324,0022300043
0022300043,446,PT03M27.00S,3,1610612753,ORL,1631094,Banchero,P. Banchero,-16,6,2,Made,1,69,68,137,h,Banchero 2' Driving Layup (14 PTS) (Ingles 1 AST),Made Shot,Driving Layup Shot,1,2,325,0022300043
0022300043,448,PT03M13.00S,3,1610612738,BOS,1627759,Brown,J. Brown,142,205,25,Missed,1,,,0,v,MISS Brown 25' 3PT Jump Shot,Missed Shot,Jump Shot,1,3,326,0022300043
0022300043,449,PT03M11.00S,3,0,,1610612753,,,0,0,0,,0,,,0,h,MAGIC Rebound,Rebound,Unknown,1,0,327,0022300043
0022300043,452,PT02M48.00S,3,1610612753,ORL,1630175,Anthony,C. Anthony,0,0,0,,0,,,0,h,Anthony Bad Pass Turnover (P2.T15),Turnover,Bad Pass,1,0,328,0022300043
0022300043,452,PT02M48.00S,3,1610612738,BOS,1627759,Brown,J. Brown,0,0,0,,0,,,0,v,Brown STEAL (1 STL),,,1,0,329,0022300043
0022300043,454,PT02M45.00S,3,1610612738,BOS,1627759,Brown,J. Brown,-1,32,3,Missed,1,,,0,v,MISS Brown 3' Running Layup,Missed Shot,Running Layup Shot,1,2,330,0022300043
0022300043,455,PT02M38.00S,3,1610612738,BOS,1630573,Hauser,S. Hauser,0,0,0,,0,,,0,v,Hauser REBOUND (Off:1 Def:1),Rebound,Unknown,1,0,331,0022300043
0022300043,456,PT02M38.00S,3,1610612738,BOS,1630573,Hauser,S. Hauser,0,0,0,Made,1,69,70,139,v,Hauser Tip Layup Shot (5 PTS),Made Shot,Tip Layup Shot,1,2,332,0022300043
0022300043,457,PT02M35.00S,3,1610612738,BOS,1628401,White,D. White,0,0,0,,0,,,0,v,White S.FOUL (P1.T3) (J.Goldenberg),Foul,Shooting,1,0,333,0022300043
0022300043,459,PT02M35.00S,3,1610612753,ORL,1629021,Wagner,M. Wagner,0,0,0,,0,70,70,140,h,M. Wagner Free Throw 1 of 2 (13 PTS),Free Throw,Free Throw 1 of 2,1,0,334,0022300043
0022300043,460,PT02M35.00S,3,1610612753,ORL,1629021,Wagner,M. Wagner,0,0,0,,0,71,70,141,h,M. Wagner Free Throw 2 of 2 (14 PTS),Free Throw,Free Throw 2 of 2,1,0,335,0022300043
0022300043,461,PT02M20.00S,3,1610612738,BOS,1627759,Brown,J. Brown,29,122,13,Missed,1,,,0,v,MISS Brown 13' Pullup Jump Shot,Missed Shot,Pullup Jump shot,1,2,336,0022300043
0022300043,462,PT02M18.00S,3,1610612753,ORL,1631094,Banchero,P. Banchero,0,0,0,,0,,,0,h,Banchero REBOUND (Off:1 Def:4),Rebound,Unknown,1,0,337,0022300043
0022300043,463,PT02M11.00S,3,1610612753,ORL,1631094,Banchero,P. Banchero,-36,69,8,Made,1,73,70,143,h,Banchero 8' Driving Floating Jump Shot (16 PTS),Made Shot,Driving Floating Jump Shot,1,2,338,0022300043
0022300043,464,PT01M52.00S,3,1610612738,BOS,1630573,Hauser,S. Hauser,-3,6,1,Made,1,73,72,145,v,Hauser 1' Cutting Dunk Shot (7 PTS) (Kornet 1 AST),Made Shot,Cutting Dunk Shot,1,2,339,0022300043
0022300043,466,PT01M31.00S,3,1610612753,ORL,1630175,Anthony,C. Anthony,-36,138,14,Made,1,75,72,147,h,Anthony 14' Turnaround Jump Shot (12 PTS),Made Shot,Turnaround Jump Shot,1,2,340,0022300043
0022300043,467,PT01M30.00S,3,0,,1610612738,,,0,0,0,,0,,,0,v,Celtics Timeout: Regular (Reg.3 Short 0),Timeout,Regular,0,0,341,0022300043
0022300043,468,PT01M30.00S,3,1610612753,ORL,1631094,Banchero,P. Banchero,0,0,0,,0,,,0,h,SUB: Isaac FOR Banchero,Substitution,,0,0,342,0022300043
0022300043,469,PT01M30.00S,3,1610612738,BOS,1630573,Hauser,S. Hauser,0,0,0,,0,,,0,v,SUB: Tatum FOR Hauser,Substitution,,0,0,343,0022300043
0022300043,472,PT01M14.00S,3,1610612738,BOS,1628369,Tatum,J. Tatum,-87,176,20,Made,1,75,74,149,v,Tatum 20' Step Back Jump Shot (15 PTS) (Pritchard 2 AST),Made Shot,Step Back Jump shot,1,2,344,0022300043
0022300043,474,PT00M57.80S,3,1610612753,ORL,1629021,Wagner,M. Wagner,17,21,3,Missed,1,,,0,h,MISS M. Wagner 3' Driving Layup,Missed Shot,Driving Layup Shot,1,2,345,0022300043
0022300043,475,PT00M54.50S,3,1610612753,ORL,1628371,Isaac,J. Isaac,0,0,0,,0,,,0,h,Isaac REBOUND (Off:2 Def:2),Rebound,Unknown,1,0,346,0022300043
0022300043,476,PT00M54.50S,3,1610612753,ORL,1628371,Isaac,J. Isaac,0,0,0,Made,1,77,74,151,h,Isaac Tip Layup Shot (4 PTS),Made Shot,Tip Layup Shot,1,2,347,0022300043
0022300043,477,PT00M37.10S,3,1610612753,ORL,1628371,Isaac,J. Isaac,0,0,0,,0,,,0,h,Isaac P.FOUL (P1.PN) (J.DeRosa),Foul,Personal,1,0,348,0022300043
0022300043,479,PT00M37.10S,3,1610612738,BOS,1627759,Brown,J. Brown,0,0,0,,0,,,0,v,MISS Brown Free Throw 1 of 2,Free Throw,Free Throw 1 of 2,1,0,349,0022300043
0022300043,480,PT00M37.10S,3,0,,1610612738,,,0,0,0,,0,,,0,v,Celtics Rebound,Rebound,Normal Rebound,0,0,350,0022300043
0022300043,481,PT00M37.10S,3,1610612738,BOS,1627759,Brown,J. Brown,0,0,0,,0,,,0,v,MISS Brown Free Throw 2 of 2,Free Throw,Free Throw 2 of 2,1,0,351,0022300043
0022300043,482,PT00M34.10S,3,1610612753,ORL,1628371,Isaac,J. Isaac,0,0,0,,0,,,0,h,Isaac REBOUND (Off:2 Def:3),Rebound,Unknown,1,0,352,0022300043
0022300043,483,PT00M16.30S,3,1610612753,ORL,1630175,Anthony,C. Anthony,116,167,20,Missed,1,,,0,h,MISS Anthony 20' Step Back Jump Shot,Missed Shot,Step Back Jump shot,1,2,353,0022300043
0022300043,484,PT00M11.50S,3,1610612738,BOS,1630202,Pritchard,P. Pritchard,0,0,0,,0,,,0,v,Pritchard REBOUND (Off:0 Def:1),Rebound,Unknown,1,0,354,0022300043
0022300043,487,PT00M00.00S,3,1610612738,BOS,1627759,Brown,J. Brown,133,270,30,Missed,1,,,0,v,MISS Brown 30' 3PT Step Back Jump Shot,Missed Shot,Step Back Jump shot,1,3,355,0022300043
0022300043,488,PT00M00.00S,3,0,,1610612738,,,0,0,0,,0,,,0,v,Celtics Rebound,Rebound,Unknown,1,0,356,0022300043
0022300043,489,PT00M00.00S,3,0,,0,,,0,0,0,,0,77,74,151,,End of 3rd Period (4:22 PM EST),period,end,1,0,357,0022300043
0022300043,496,PT12M00.00S,4,0,,0,,,0,0,0,,0,77,74,151,,Start of 4th Period (4:24 PM EST),period,start,0,0,358,0022300043
0022300043,497,PT11M46.00S,4,1610612753,ORL,1628371,Isaac,J. Isaac,0,0,0,,0,,,0,h,Isaac P.FOUL (P2.T1) (D.Guthrie),Foul,Personal,0,0,359,0022300043
0022300043,499,PT11M46.00S,4,1610612738,BOS,1627759,Brown,J. Brown,0,0,0,,0,,,0,v,SUB: Tatum FOR Brown,Substitution,,0,0,360,0022300043
0022300043,501,PT11M38.00S,4,1610612753,ORL,1630175,Anthony,C. Anthony,0,0,0,,0,,,0,h,Anthony S.FOUL (P2.T2) (J.Goldenberg),Foul,Shooting,1,0,361,0022300043
0022300043,503,PT11M38.00S,4,1610612738,BOS,1629052,Brissett,O. Brissett,0,0,0,,0,,,0,v,MISS Brissett Free Throw 1 of 2,Free Throw,Free Throw 1 of 2,1,0,362,0022300043
0022300043,504,PT11M38.00S,4,0,,1610612738,,,0,0,0,,0,,,0,v,Celtics Rebound,Rebound,Normal Rebound,0,0,363,0022300043
0022300043,505,PT11M38.00S,4,1610612738,BOS,1629052,Brissett,O. Brissett,0,0,0,,0,,,0,v,MISS Brissett Free Throw 2 of 2,Free Throw,Free Throw 2 of 2,1,0,364,0022300043
0022300043,506,PT11M36.00S,4,1610612753,ORL,1628371,Isaac,J. Isaac,0,0,0,,0,,,0,h,Isaac REBOUND (Off:2 Def:4),Rebound,Unknown,1,0,365,0022300043
0022300043,507,PT11M26.00S,4,1610612753,ORL,1630175,Anthony,C. Anthony,-5,-10,1,Made,1,79,74,153,h,Anthony 1' Driving Layup (14 PTS),Made Shot,Driving Layup Shot,1,2,366,0022300043
0022300043,508,PT11M07.00S,4,1610612738,BOS,201143,Horford,A. Horford,86,250,26,Missed,1,,,0,v,MISS Horford 26' 3PT Jump Shot,Missed Shot,Jump Shot,1,3,367,0022300043
0022300043,509,PT11M04.00S,4,1610612753,ORL,1631216,Houstan,C. Houstan,0,0,0,,0,,,0,h,Houstan REBOUND (Off:0 Def:1),Rebound,Unknown,1,0,368,0022300043
0022300043,510,PT10M53.00S,4,1610612753,ORL,1630175,Anthony,C. Anthony,-69,167,18,Missed,1,,,0,h,MISS Anthony 18' Pullup Jump Shot,Missed Shot,Pullup Jump shot,1,2,369,0022300043
0022300043,511,PT10M52.00S,4,0,,1610612753,,,0,0,0,,0,,,0,h,MAGIC Rebound,Rebound,Unknown,1,0,370,0022300043
0022300043,513,PT10M42.00S,4,1610612738,BOS,1629052,Brissett,O. Brissett,0,0,0,,0,,,0,v,Brissett S.FOUL (P2.T1) (J.Goldenberg),Foul,Shooting,1,0,371,0022300043
0022300043,515,PT10M42.00S,4,0,,1610612738,,,0,0,0,,0,,,0,v,Celtics Timeout: Regular (Reg.4 Short 0),Timeout,Regular,0,0,372,0022300043
0022300043,516,PT10M42.00S,4,0,,513,,,0,0,0,,0,79,74,153,,Instant Replay4th Period (4:28 PM EST),Instant Replay,Coach Challenge Ruling Stands,0,0,373,0022300043
0022300043,517,PT10M42.00S,4,1610612753,ORL,1629021,Wagner,M. Wagner,0,0,0,,0,80,74,154,h,M. Wagner Free Throw 1 of 2 (15 PTS),Free Throw,Free Throw 1 of 2,1,0,374,0022300043
0022300043,518,PT10M42.00S,4,1610612753,ORL,1629021,Wagner,M. Wagner,0,0,0,,0,81,74,155,h,M. Wagner Free Throw 2 of 2 (16 PTS),Free Throw,Free Throw 2 of 2,1,0,375,0022300043
0022300043,519,PT10M29.00S,4,1610612738,BOS,1630202,Pritchard,P. Pritchard,37,140,14,Missed,1,,,0,v,MISS Pritchard 14' Pullup Jump Shot,Missed Shot,Pullup Jump shot,1,2,376,0022300043
0022300043,520,PT10M26.00S,4,1610612753,ORL,204060,Ingles,J. Ingles,0,0,0,,0,,,0,h,Ingles REBOUND (Off:0 Def:3),Rebound,Unknown,1,0,377,0022300043
0022300043,521,PT10M14.00S,4,1610612753,ORL,1629021,Wagner,M. Wagner,-2,41,4,Made,1,83,74,157,h,M. Wagner 4' Driving Finger Roll Layup (18 PTS) (Ingles 2 AST),Made Shot,Driving Finger Roll Layup Shot,1,2,378,0022300043
0022300043,523,PT09M54.00S,4,1610612738,BOS,201143,Horford,A. Horford,0,0,0,,0,,,0,v,Horford Traveling Turnover (P1.T14),Turnover,Traveling,1,0,379,0022300043
0022300043,524,PT09M38.00S,4,1610612753,ORL,1630175,Anthony,C. Anthony,-23,249,25,Missed,1,,,0,h,MISS Anthony 25' 3PT Jump Shot,Missed Shot,Jump Shot,1,3,380,0022300043
0022300043,525,PT09M36.00S,4,1610612753,ORL,1629021,Wagner,M. Wagner,0,0,0,,0,,,0,h,M. Wagner REBOUND (Off:2 Def:1),Rebound,Unknown,1,0,381,0022300043
0022300043,526,PT09M35.00S,4,1610612753,ORL,1629021,Wagner,M. Wagner,0,20,2,Made,1,85,74,159,h,M. Wagner 2' Putback Layup (20 PTS),Made Shot,Putback Layup Shot,1,2,382,0022300043
0022300043,527,PT09M35.00S,4,0,,1610612738,,,0,0,0,,0,,,0,v,Celtics Timeout: Regular (Reg.5 Short 0),Timeout,Regular,0,0,383,0022300043
0022300043,528,PT09M35.00S,4,1610612738,BOS,1630202,Pritchard,P. Pritchard,0,0,0,,0,,,0,v,SUB: Kornet FOR Pritchard,Substitution,,0,0,384,0022300043
0022300043,529,PT09M35.00S,4,1610612738,BOS,1629052,Brissett,O. Brissett,0,0,0,,0,,,0,v,SUB: Brown FOR Brissett,Substitution,,0,0,385,0022300043
0022300043,532,PT09M24.00S,4,1610612738,BOS,1630573,Hauser,S. Hauser,0,0,0,,0,,,0,v,Hauser Lost Ball Turnover (P1.T15),Turnover,Lost Ball,1,0,386,0022300043
0022300043,532,PT09M24.00S,4,1610612753,ORL,1631216,Houstan,C. Houstan,0,0,0,,0,,,0,h,Houstan STEAL (1 STL),,,1,0,387,0022300043
0022300043,534,PT09M21.00S,4,1610612753,ORL,1629021,Wagner,M. Wagner,-1,8,1,Made,1,87,74,161,h,M. Wagner 1' Running Layup (22 PTS) (Anthony 3 AST),Made Shot,Running Layup Shot,1,2,388,0022300043
0022300043,536,PT09M15.00S,4,1610612753,ORL,1630175,Anthony,C. Anthony,0,0,0,,0,,,0,h,Anthony S.FOUL (P3.T3) (J.Goldenberg),Foul,Shooting,1,0,389,0022300043
0022300043,538,PT09M15.00S,4,1610612738,BOS,1627759,Brown,J. Brown,0,0,0,,0,87,75,162,v,Brown Free Throw 1 of 2 (17 PTS),Free Throw,Free Throw 1 of 2,1,0,390,0022300043
0022300043,539,PT09M15.00S,4,1610612738,BOS,1627759,Brown,J. Brown,0,0,0,,0,87,76,163,v,Brown Free Throw 2 of 2 (18 PTS),Free Throw,Free Throw 2 of 2,1,0,391,0022300043
0022300043,540,PT08M59.00S,4,1610612753,ORL,1629021,Wagner,M. Wagner,13,4,1,Made,1,89,76,165,h,M. Wagner 1' Layup (24 PTS) (Anthony 4 AST),Made Shot,Layup Shot,1,2,392,0022300043
0022300043,682,PT08M48.00S,4,1610612738,BOS,1627759,Brown,J. Brown,-53,82,10,Missed,1,,,0,v,MISS Brown 10' Driving Floating Jump Shot,Missed Shot,Driving Floating Jump Shot,0,2,393,0022300043
0022300043,684,PT08M48.00S,4,1610612738,BOS,1628436,Kornet,L. Kornet,0,0,0,,0,,,0,v,Kornet REBOUND (Off:2 Def:3),Rebound,Unknown,0,0,394,0022300043
0022300043,542,PT08M46.00S,4,1610612738,BOS,1628436,Kornet,L. Kornet,-17,21,3,Made,1,89,78,167,v,Kornet 3' Reverse Layup (12 PTS),Made Shot,Reverse Layup Shot,1,2,395,0022300043
0022300043,544,PT08M31.00S,4,1610612753,ORL,1630175,Anthony,C. Anthony,7,5,1,Missed,1,,,0,h,MISS Anthony 1' Driving Floating Jump Shot,Missed Shot,Driving Floating Jump Shot,1,2,396,0022300043
0022300043,545,PT08M30.00S,4,1610612738,BOS,1628369,Tatum,J. Tatum,0,0,0,,0,,,0,v,Tatum REBOUND (Off:0 Def:4),Rebound,Unknown,1,0,397,0022300043
0022300043,546,PT08M24.00S,4,1610612738,BOS,1630573,Hauser,S. Hauser,-235,22,24,Made,1,89,81,170,v,Hauser 24' 3PT Running Jump Shot (10 PTS) (Horford 2 AST),Made Shot,Running Jump Shot,1,3,398,0022300043
0022300043,548,PT08M05.00S,4,1610612753,ORL,1630175,Anthony,C. Anthony,201,164,26,Missed,1,,,0,h,MISS Anthony 26' 3PT Jump Shot,Missed Shot,Jump Shot,1,3,399,0022300043
0022300043,549,PT08M05.00S,4,1610612753,ORL,1628371,Isaac,J. Isaac,0,0,0,,0,,,0,h,Isaac REBOUND (Off:3 Def:4),Rebound,Unknown,1,0,400,0022300043
0022300043,551,PT08M05.00S,4,1610612738,BOS,1627759,Brown,J. Brown,0,0,0,,0,,,0,v,Brown S.FOUL (P3.T2) (J.Goldenberg),Foul,Shooting,1,0,401,0022300043
0022300043,553,PT08M05.00S,4,1610612753,ORL,1630175,Anthony,C. Anthony,0,0,0,,0,,,0,h,SUB: F. Wagner FOR Anthony,Substitution,,0,0,402,0022300043
0022300043,555,PT08M05.00S,4,1610612753,ORL,1628371,Isaac,J. Isaac,0,0,0,,0,90,81,171,h,Isaac Free Throw 1 of 2 (5 PTS),Free Throw,Free Throw 1 of 2,1,0,403,0022300043
0022300043,556,PT08M05.00S,4,1610612753,ORL,1628371,Isaac,J. Isaac,0,0,0,,0,,,0,h,MISS Isaac Free Throw 2 of 2,Free Throw,Free Throw 2 of 2,1,0,404,0022300043
0022300043,557,PT08M04.00S,4,1610612738,BOS,1628436,Kornet,L. Kornet,0,0,0,,0,,,0,v,Kornet REBOUND (Off:2 Def:4),Rebound,Unknown,1,0,405,0022300043
0022300043,558,PT07M56.00S,4,1610612738,BOS,1630573,Hauser,S. Hauser,97,240,26,Missed,1,,,0,v,MISS Hauser 26' 3PT Jump Shot,Missed Shot,Jump Shot,1,3,406,0022300043
0022300043,559,PT07M55.00S,4,1610612753,ORL,204060,Ingles,J. Ingles,0,0,0,,0,,,0,h,Ingles REBOUND (Off:0 Def:4),Rebound,Unknown,1,0,407,0022300043
0022300043,560,PT07M31.00S,4,1610612753,ORL,1630532,Wagner,F. Wagner,-81,269,28,Missed,1,,,0,h,MISS F. Wagner 28' 3PT Step Back Jump Shot,Missed Shot,Step Back Jump shot,1,3,408,0022300043
0022300043,561,PT07M29.00S,4,1610612753,ORL,1631216,Houstan,C. Houstan,0,0,0,,0,,,0,h,Houstan REBOUND (Off:1 Def:1),Rebound,Unknown,1,0,409,0022300043
0022300043,562,PT07M26.00S,4,1610612753,ORL,1629021,Wagner,M. Wagner,-221,20,0,Made,1,93,81,174,h,M. Wagner 3PT Jump Shot (27 PTS) (F. Wagner 5 AST),Made Shot,Jump Shot,1,3,410,0022300043
0022300043,564,PT07M07.00S,4,1610612738,BOS,1628369,Tatum,J. Tatum,71,258,27,Missed,1,,,0,v,MISS Tatum 27' 3PT Pullup Jump Shot,Missed Shot,Pullup Jump shot,1,3,411,0022300043
0022300043,565,PT07M07.00S,4,1610612753,ORL,1630532,Wagner,F. Wagner,0,0,0,,0,,,0,h,F. Wagner REBOUND (Off:0 Def:6),Rebound,Unknown,1,0,412,0022300043
0022300043,566,PT06M50.00S,4,1610612753,ORL,1630532,Wagner,F. Wagner,-9,31,3,Made,1,95,81,176,h,F. Wagner 3' Driving Layup (13 PTS),Made Shot,Driving Layup Shot,1,2,413,0022300043
0022300043,567,PT06M50.00S,4,0,,1610612738,,,0,0,0,,0,,,0,v,Celtics Timeout: Regular (Reg.6 Short 0),Timeout,Regular,0,0,414,0022300043
0022300043,568,PT06M50.00S,4,1610612753,ORL,1628371,Isaac,J. Isaac,0,0,0,,0,,,0,h,SUB: Banchero FOR Isaac,Substitution,,0,0,415,0022300043
0022300043,569,PT06M50.00S,4,1610612753,ORL,1631216,Houstan,C. Houstan,0,0,0,,0,,,0,h,SUB: Suggs FOR Houstan,Substitution,,0,0,416,0022300043
0022300043,570,PT06M50.00S,4,1610612738,BOS,1630573,Hauser,S. Hauser,0,0,0,,0,,,0,v,SUB: White FOR Hauser,Substitution,,0,0,417,0022300043
0022300043,576,PT06M35.00S,4,1610612753,ORL,1629021,Wagner,M. Wagner,0,0,0,,0,,,0,h,M. Wagner S.FOUL (P4.T4) (J.DeRosa),Foul,Shooting,1,0,418,0022300043
0022300043,578,PT06M35.00S,4,1610612738,BOS,1628369,Tatum,J. Tatum,0,0,0,,0,95,82,177,v,Tatum Free Throw 1 of 2 (16 PTS),Free Throw,Free Throw 1 of 2,1,0,419,0022300043
0022300043,579,PT06M35.00S,4,1610612738,BOS,1628369,Tatum,J. Tatum,0,0,0,,0,95,83,178,v,Tatum Free Throw 2 of 2 (17 PTS),Free Throw,Free Throw 2 of 2,1,0,420,0022300043
0022300043,580,PT06M18.00S,4,1610612753,ORL,1630532,Wagner,F. Wagner,0,0,0,,0,,,0,h,F. Wagner Lost Ball Turnover (P2.T16),Turnover,Lost Ball,1,0,421,0022300043
0022300043,580,PT06M18.00S,4,1610612738,BOS,1628369,Tatum,J. Tatum,0,0,0,,0,,,0,v,Tatum STEAL (2 STL),,,1,0,422,0022300043
0022300043,582,PT06M12.00S,4,1610612738,BOS,1627759,Brown,J. Brown,21,43,5,Missed,1,,,0,v,MISS Brown 5' Running Layup,Missed Shot,Running Layup Shot,1,2,423,0022300043
0022300043,583,PT06M09.00S,4,1610612753,ORL,1631094,Banchero,P. Banchero,0,0,0,,0,,,0,h,Banchero REBOUND (Off:1 Def:5),Rebound,Unknown,1,0,424,0022300043
0022300043,584,PT06M05.00S,4,1610612753,ORL,1629021,Wagner,M. Wagner,-237,32,24,Missed,1,,,0,h,MISS M. Wagner 24' 3PT Jump Shot,Missed Shot,Jump Shot,1,3,425,0022300043
0022300043,585,PT05M59.00S,4,1610612753,ORL,204060,Ingles,J. Ingles,0,0,0,,0,,,0,h,Ingles REBOUND (Off:1 Def:4),Rebound,Unknown,1,0,426,0022300043
0022300043,586,PT05M59.00S,4,1610612753,ORL,204060,Ingles,J. Ingles,0,0,0,Made,1,97,83,180,h,Ingles Tip Layup Shot (5 PTS),Made Shot,Tip Layup Shot,1,2,427,0022300043
0022300043,587,PT05M46.00S,4,1610612738,BOS,1628369,Tatum,J. Tatum,40,52,7,Made,1,97,85,182,v,Tatum 7' Driving Floating Bank Jump Shot (19 PTS),Made Shot,Driving Floating Bank Jump Shot,1,2,428,0022300043
0022300043,588,PT05M27.00S,4,1610612753,ORL,1631094,Banchero,P. Banchero,2,-8,1,Made,1,99,85,184,h,Banchero 1' Driving Layup (18 PTS),Made Shot,Driving Layup Shot,1,2,429,0022300043
0022300043,589,PT05M13.00S,4,1610612753,ORL,1631094,Banchero,P. Banchero,0,0,0,,0,,,0,h,Banchero P.FOUL (P4.PN) (D.Guthrie),Foul,Personal,1,0,430,0022300043
0022300043,591,PT05M13.00S,4,1610612738,BOS,1628401,White,D. White,0,0,0,,0,99,86,185,v,White Free Throw 1 of 2 (13 PTS),Free Throw,Free Throw 1 of 2,1,0,431,0022300043
0022300043,592,PT05M13.00S,4,1610612753,ORL,204060,Ingles,J. Ingles,0,0,0,,0,,,0,h,SUB: Anthony FOR Ingles,Substitution,,0,0,432,0022300043
0022300043,593,PT05M13.00S,4,1610612738,BOS,1628436,Kornet,L. Kornet,0,0,0,,0,,,0,v,SUB: Hauser FOR Kornet,Substitution,,0,0,433,0022300043
0022300043,596,PT05M13.00S,4,1610612738,BOS,1628401,White,D. White,0,0,0,,0,99,87,186,v,White Free Throw 2 of 2 (14 PTS),Free Throw,Free Throw 2 of 2,0,0,434,0022300043
0022300043,597,PT04M59.00S,4,1610612753,ORL,1630532,Wagner,F. Wagner,-99,260,28,Missed,1,,,0,h,MISS F. Wagner 28' 3PT Jump Shot,Missed Shot,Jump Shot,1,3,435,0022300043
0022300043,598,PT04M56.00S,4,1610612738,BOS,1628401,White,D. White,0,0,0,,0,,,0,v,White REBOUND (Off:0 Def:4),Rebound,Unknown,1,0,436,0022300043
0022300043,599,PT04M50.00S,4,1610612738,BOS,1627759,Brown,J. Brown,-132,200,24,Missed,1,,,0,v,MISS Brown 24' 3PT Pullup Jump Shot,Missed Shot,Pullup Jump shot,1,3,437,0022300043
0022300043,600,PT04M47.00S,4,0,,1610612753,,,0,0,0,,0,,,0,h,MAGIC Rebound,Rebound,Unknown,1,0,438,0022300043
0022300043,602,PT04M28.00S,4,1610612753,ORL,1630532,Wagner,F. Wagner,0,0,0,,0,,,0,h,F. Wagner Lost Ball Turnover (P3.T17),Turnover,Lost Ball,1,0,439,0022300043
0022300043,602,PT04M28.00S,4,1610612738,BOS,1627759,Brown,J. Brown,0,0,0,,0,,,0,v,Brown STEAL (2 STL),,,1,0,440,0022300043
0022300043,604,PT04M24.00S,4,1610612738,BOS,1627759,Brown,J. Brown,-25,30,4,Missed,1,,,0,v,MISS Brown 4' Running Layup,Missed Shot,Running Layup Shot,1,2,441,0022300043
0022300043,604,PT04M24.00S,4,1610612753,ORL,1630175,Anthony,C. Anthony,0,0,0,,0,,,0,h,Anthony BLOCK (1 BLK),,,1,2,442,0022300043
0022300043,606,PT04M24.00S,4,0,,1610612738,,,0,0,0,,0,,,0,v,Celtics Rebound,Rebound,Unknown,1,0,443,0022300043
0022300043,608,PT04M20.00S,4,1610612738,BOS,201143,Horford,A. Horford,-87,250,26,Missed,1,,,0,v,MISS Horford 26' 3PT Jump Shot,Missed Shot,Jump Shot,0,3,444,0022300043
0022300043,609,PT04M18.00S,4,1610612753,ORL,1631094,Banchero,P. Banchero,0,0,0,,0,,,0,h,Banchero REBOUND (Off:1 Def:6),Rebound,Unknown,0,0,445,0022300043
0022300043,610,PT04M01.00S,4,1610612753,ORL,1631094,Banchero,P. Banchero,17,257,26,Missed,1,,,0,h,MISS Banchero 26' 3PT Step Back Jump Shot,Missed Shot,Step Back Jump shot,1,3,446,0022300043
0022300043,611,PT03M58.00S,4,1610612738,BOS,1628401,White,D. White,0,0,0,,0,,,0,v,White REBOUND (Off:0 Def:5),Rebound,Unknown,1,0,447,0022300043
0022300043,612,PT03M53.00S,4,1610612738,BOS,1628401,White,D. White,23,29,4,Missed,1,,,0,v,MISS White 4' Running Layup,Missed Shot,Running Layup Shot,1,2,448,0022300043
0022300043,613,PT03M51.00S,4,1610612753,ORL,1630532,Wagner,F. Wagner,0,0,0,,0,,,0,h,F. Wagner REBOUND (Off:0 Def:7),Rebound,Unknown,1,0,449,0022300043
0022300043,614,PT03M46.00S,4,0,,1610612753,,,0,0,0,,0,,,0,h,MAGIC Timeout: Regular (Full 5 Short 0),Timeout,Regular,0,0,450,0022300043
0022300043,617,PT03M40.00S,4,1610612738,BOS,201143,Horford,A. Horford,0,0,0,,0,,,0,v,Horford S.FOUL (P4.T3) (D.Guthrie),Foul,Shooting,1,0,451,0022300043
0022300043,619,PT03M40.00S,4,1610612753,ORL,1631094,Banchero,P. Banchero,0,0,0,,0,,,0,h,MISS Banchero Free Throw 1 of 2,Free Throw,Free Throw 1 of 2,1,0,452,0022300043
0022300043,620,PT03M40.00S,4,0,,1610612753,,,0,0,0,,0,,,0,h,MAGIC Rebound,Rebound,Normal Rebound,1,0,453,0022300043
0022300043,621,PT03M40.00S,4,1610612738,BOS,201143,Horford,A. Horford,0,0,0,,0,,,0,v,Lane,Violation,Lane,0,0,454,0022300043
0022300043,622,PT03M40.00S,4,1610612753,ORL,1631094,Banchero,P. Banchero,0,0,0,,0,100,87,187,h,Banchero Free Throw 2 of 2 (19 PTS),Free Throw,Free Throw 2 of 2,1,0,455,0022300043
0022300043,623,PT03M29.00S,4,1610612738,BOS,1628369,Tatum,J. Tatum,16,29,3,Made,1,100,89,189,v,Tatum 3' Reverse Layup (21 PTS) (Horford 3 AST),Made Shot,Reverse Layup Shot,1,2,456,0022300043
0022300043,625,PT03M09.00S,4,1610612753,ORL,1630175,Anthony,C. Anthony,0,0,0,,0,,,0,h,Anthony Bad Pass Turnover (P3.T18),Turnover,Bad Pass,1,0,457,0022300043
0022300043,625,PT03M09.00S,4,1610612738,BOS,1627759,Brown,J. Brown,0,0,0,,0,,,0,v,Brown STEAL (3 STL),,,1,0,458,0022300043
0022300043,627,PT03M05.00S,4,1610612753,ORL,1630175,Anthony,C. Anthony,0,0,0,,0,,,0,h,Anthony S.FOUL (P4.PN) (J.Goldenberg),Foul,Shooting,1,0,459,0022300043
0022300043,629,PT03M05.00S,4,1610612738,BOS,1628401,White,D. White,0,0,0,,0,,,0,v,MISS White Free Throw 1 of 2,Free Throw,Free Throw 1 of 2,1,0,460,0022300043
0022300043,630,PT03M05.00S,4,0,,1610612738,,,0,0,0,,0,,,0,v,Celtics Rebound,Rebound,Normal Rebound,0,0,461,0022300043
0022300043,631,PT03M05.00S,4,1610612738,BOS,1628401,White,D. White,0,0,0,,0,100,90,190,v,White Free Throw 2 of 2 (15 PTS),Free Throw,Free Throw 2 of 2,1,0,462,0022300043
0022300043,632,PT02M50.00S,4,1610612753,ORL,1630175,Anthony,C. Anthony,-6,17,2,Made,1,102,90,192,h,Anthony 2' Driving Layup (16 PTS) (F. Wagner 6 AST),Made Shot,Driving Layup Shot,1,2,463,0022300043
0022300043,634,PT02M36.00S,4,1610612738,BOS,1627759,Brown,J. Brown,137,241,28,Missed,1,,,0,v,MISS Brown 28' 3PT Jump Shot,Missed Shot,Jump Shot,1,3,464,0022300043
0022300043,635,PT02M34.00S,4,1610612753,ORL,1630532,Wagner,F. Wagner,0,0,0,,0,,,0,h,F. Wagner REBOUND (Off:0 Def:8),Rebound,Unknown,1,0,465,0022300043
0022300043,636,PT02M26.00S,4,1610612753,ORL,1629021,Wagner,M. Wagner,13,0,1,Missed,1,,,0,h,MISS M. Wagner 1' Cutting Layup Shot,Missed Shot,Cutting Layup Shot,1,2,466,0022300043
0022300043,636,PT02M26.00S,4,1610612738,BOS,1627759,Brown,J. Brown,0,0,0,,0,,,0,v,Brown BLOCK (1 BLK),,,1,2,467,0022300043
0022300043,638,PT02M24.00S,4,1610612738,BOS,1628369,Tatum,J. Tatum,0,0,0,,0,,,0,v,Tatum REBOUND (Off:0 Def:5),Rebound,Unknown,1,0,468,0022300043
0022300043,639,PT02M24.00S,4,1610612753,ORL,1629021,Wagner,M. Wagner,0,0,0,,0,,,0,h,M. Wagner P.FOUL (P5.PN) (D.Guthrie),Foul,Personal,1,0,469,0022300043
0022300043,641,PT02M24.00S,4,1610612738,BOS,1628369,Tatum,J. Tatum,0,0,0,,0,102,91,193,v,Tatum Free Throw 1 of 2 (22 PTS),Free Throw,Free Throw 1 of 2,1,0,470,0022300043
0022300043,642,PT02M24.00S,4,1610612753,ORL,1629021,Wagner,M. Wagner,0,0,0,,0,,,0,h,SUB: Isaac FOR M. Wagner,Substitution,,0,0,471,0022300043
0022300043,644,PT02M24.00S,4,1610612738,BOS,1628369,Tatum,J. Tatum,0,0,0,,0,102,92,194,v,Tatum Free Throw 2 of 2 (23 PTS),Free Throw,Free Throw 2 of 2,1,0,472,0022300043
0022300043,646,PT02M08.00S,4,1610612753,ORL,1631094,Banchero,P. Banchero,42,155,16,Made,1,104,92,196,h,Banchero 16' Pullup Jump Shot (21 PTS) (Anthony 5 AST),Made Shot,Pullup Jump shot,1,2,473,0022300043
0022300043,648,PT02M00.00S,4,1610612753,ORL,1630532,Wagner,F. Wagner,0,0,0,,0,,,0,h,F. Wagner P.FOUL (P2.PN) (J.Goldenberg),Foul,Personal,1,0,474,0022300043
0022300043,650,PT02M00.00S,4,1610612738,BOS,1628369,Tatum,J. Tatum,0,0,0,,0,,,0,v,MISS Tatum Free Throw 1 of 2,Free Throw,Free Throw 1 of 2,1,0,475,0022300043
0022300043,651,PT02M00.00S,4,0,,1610612738,,,0,0,0,,0,,,0,v,Celtics Rebound,Rebound,Normal Rebound,0,0,476,0022300043
0022300043,652,PT02M00.00S,4,1610612738,BOS,1628369,Tatum,J. Tatum,0,0,0,,0,104,93,197,v,Tatum Free Throw 2 of 2 (24 PTS),Free Throw,Free Throw 2 of 2,1,0,477,0022300043
0022300043,653,PT01M39.00S,4,1610612753,ORL,1630532,Wagner,F. Wagner,9,52,5,Made,1,106,93,199,h,F. Wagner 5' Driving Floating Jump Shot (15 PTS) (Banchero 4 AST),Made Shot,Driving Floating Jump Shot,1,2,478,0022300043
0022300043,655,PT01M31.00S,4,1610612753,ORL,1628371,Isaac,J. Isaac,0,0,0,,0,,,0,h,Isaac P.FOUL (P3.PN) (J.DeRosa),Foul,Personal,1,0,479,0022300043
0022300043,657,PT01M31.00S,4,1610612738,BOS,1628369,Tatum,J. Tatum,0,0,0,,0,106,94,200,v,Tatum Free Throw 1 of 2 (25 PTS),Free Throw,Free Throw 1 of 2,1,0,480,0022300043
0022300043,658,PT01M31.00S,4,1610612738,BOS,1628369,Tatum,J. Tatum,0,0,0,,0,106,95,201,v,Tatum Free Throw 2 of 2 (26 PTS),Free Throw,Free Throw 2 of 2,1,0,481,0022300043
0022300043,659,PT01M14.00S,4,1610612738,BOS,1628369,Tatum,J. Tatum,0,0,0,,0,,,0,v,Tatum Violation:Kicked Ball (D.Guthrie),Violation,Kicked Ball,0,0,482,0022300043
0022300043,660,PT01M02.00S,4,1610612753,ORL,1630591,Suggs,J. Suggs,-237,-1,24,Made,1,109,95,204,h,Suggs 24' 3PT Jump Shot (10 PTS) (Banchero 5 AST),Made Shot,Jump Shot,1,3,483,0022300043
0022300043,662,PT00M53.60S,4,1610612738,BOS,1627759,Brown,J. Brown,-116,162,20,Missed,1,,,0,v,MISS Brown 20' Pullup Jump Shot,Missed Shot,Pullup Jump shot,1,2,484,0022300043
0022300043,663,PT00M50.70S,4,1610612753,ORL,1630175,Anthony,C. Anthony,0,0,0,,0,,,0,h,Anthony REBOUND (Off:1 Def:2),Rebound,Unknown,1,0,485,0022300043
0022300043,664,PT00M37.20S,4,1610612753,ORL,1631094,Banchero,P. Banchero,31,26,4,Made,1,111,95,206,h,Banchero 4' Driving Floating Bank Jump Shot (23 PTS) (Anthony 6 AST),Made Shot,Driving Floating Bank Jump Shot,1,2,486,0022300043
0022300043,666,PT00M32.10S,4,1610612753,ORL,1630591,Suggs,J. Suggs,0,0,0,,0,,,0,h,Suggs S.FOUL (P2.PN) (D.Guthrie),Foul,Shooting,1,0,487,0022300043
0022300043,668,PT00M32.10S,4,1610612738,BOS,1628401,White,D. White,0,0,0,,0,,,0,v,MISS White Free Throw 1 of 2,Free Throw,Free Throw 1 of 2,1,0,488,0022300043
0022300043,669,PT00M32.10S,4,0,,1610612738,,,0,0,0,,0,,,0,v,Celtics Rebound,Rebound,Normal Rebound,0,0,489,0022300043
0022300043,670,PT00M32.10S,4,1610612738,BOS,1628369,Tatum,J. Tatum,0,0,0,,0,,,0,v,SUB: Stevens FOR Tatum,Substitution,,0,0,490,0022300043
0022300043,671,PT00M32.10S,4,1610612738,BOS,1627759,Brown,J. Brown,0,0,0,,0,,,0,v,SUB: Banton FOR Brown,Substitution,,0,0,491,0022300043
0022300043,672,PT00M32.10S,4,1610612738,BOS,201143,Horford,A. Horford,0,0,0,,0,,,0,v,SUB: Brissett FOR Horford,Substitution,,0,0,492,0022300043
0022300043,676,PT00M32.10S,4,1610612738,BOS,1628401,White,D. White,0,0,0,,0,111,96,207,v,White Free Throw 2 of 2 (16 PTS),Free Throw,Free Throw 2 of 2,1,0,493,0022300043
0022300043,677,PT00M09.30S,4,1610612753,ORL,1630532,Wagner,F. Wagner,2,29,3,Made,1,113,96,209,h,F. Wagner 3' Driving Finger Roll Layup (17 PTS),Made Shot,Driving Finger Roll Layup Shot,1,2,494,0022300043
0022300043,678,PT00M03.70S,4,1610612738,BOS,1630625,Banton,D. Banton,-1,14,1,Missed,1,,,0,v,MISS Banton 1' Driving Layup,Missed Shot,Driving Layup Shot,1,2,495,0022300043
0022300043,679,PT00M02.10S,4,1610612753,ORL,1630591,Suggs,J. Suggs,0,0,0,,0,,,0,h,Suggs REBOUND (Off:0 Def:4),Rebound,Unknown,1,0,496,0022300043
0022300043,680,PT00M00.00S,4,0,,0,,,0,0,0,,0,113,96,209,,End of 4th Period (4:58 PM EST),period,end,1,0,497,0022300043
